27.52
-27.18
-26.86
-26.55
-26.25
-25.95
-25.66
-25.38
-25.12
-24.88
-24.67
-24.48
-24.31
-24.15
-24.01
-23.88
-23.79
-23.72
-23.67
-23.64
-23.60
-23.58
-23.57
-23.56
-23.56
-23.57
-23.60
-23.65
-23.69
-23.74
-23.77
-23.79
-23.81
-23.81
-23.81
-23.80
-23.76
-23.71
-23.65
-23.56
-23.46
-23.32
-23.16
-22.95
-22.71
-22.44
-22.14
-21.82
-21.48
-21.11
-20.71
-20.29
-19.85
-19.41
-18.96
-18.50
-18.05
-17.60
-17.14
-16.69
-16.24
-15.83
-15.42
-15.02
-14.66
-14.32
-14.00
-13.71
-13.47
-13.27
-13.08
-12.92
-12.81
-12.72
-12.67
-12.64
-12.62
-12.63
-12.67
-12.72
-12.79
-12.88
-12.98
-13.07
-13.17
-13.27
-13.36
-13.42
-13.49
-13.54
-13.57
-13.60
-13.59
-13.56
-13.50
-13.42
-13.32
-13.20
-13.05
-12.88
-12.69
-12.49
-12.27
-12.05
-11.81
-11.54
-11.27
-10.99
-10.70
-10.40
-10.11
-9.80
-9.51
-9.23
-8.95
-8.68
-8.42
-8.16
-7.92
-7.70
-7.49
-7.30
-7.14
-7.00
-6.89
-6.81
-6.74
-6.68
-6.64
-6.61
-6.61
-6.62
-6.64
-6.66
-6.68
-6.70
-6.73
-6.76
-6.77
-6.79
-6.80
-6.81
-6.81
-6.80
-6.77
-6.73
-6.69
-6.63
-6.56
-6.46
-6.34
-6.21
-6.05
-5.89
-5.73
-5.55
-5.36
-5.17
-4.96
-4.74
-4.53
-4.32
-4.11
-3.90
-3.71
-3.52
-3.34
-3.18
-3.01
-2.86
-2.72
-2.58
-2.47
-2.37
-2.29
-2.22
-2.17
-2.14
-2.12
-2.11
-2.11
-2.11
-2.13
-2.15
-2.18
-2.21
-2.26
-2.29
-2.32
-2.34
-2.37
-2.39
-2.40
-2.40
-2.40
-2.38
-2.35
-2.31
-2.25
-2.17
-2.07
-1.97
-1.86
-1.74
-1.62
-1.49
-1.35
-1.21
-1.06
-0.91
-0.75
-0.60
-0.44
-0.28
-0.14
0.00
0.15
0.27
0.38
0.48
0.58
0.67
0.74
0.81
0.89
0.95
1.01
1.04
1.07
1.09
1.09
1.10
1.12
1.12
1.13
1.14
1.14
1.15
1.17
1.20
1.23
1.28
1.31
1.36
1.40
1.45
1.50
1.55
1.62
1.67
1.74
1.81
1.88
1.96
2.03
2.12
2.20
2.28
2.37
2.47
2.56
2.65
2.73
2.81
2.89
2.96
3.03
3.10
3.15
3.21
3.26
3.31
3.33
3.36
3.38
3.38
3.39
3.40
3.41
3.40
3.40
3.41
3.42
3.43
3.45
3.46
3.47
3.49
3.50
3.51
3.51
3.52
3.53
3.54
3.54
3.55
3.55
3.57
3.59
3.63
3.68
3.74
3.80
3.88
3.95
Sampling Rate: 376.00 Hz
4.02
4.09
4.16
4.22
4.28
4.33
4.40
4.47
4.53
4.58
4.63
4.68
4.72
4.75
4.78
4.80
4.83
4.86
4.90
4.94
4.99
5.03
5.07
5.10
5.14
5.17
5.20
5.22
5.25
5.27
5.28
5.30
5.31
5.32
5.33
5.35
5.38
5.40
5.41
5.43
5.45
5.48
5.51
5.54
5.57
5.60
5.63
5.65
5.67
5.69
5.70
5.72
5.73
5.74
5.75
5.77
5.79
5.83
5.86
5.90
5.92
5.94
5.97
5.99
6.03
6.07
6.10
6.14
6.17
6.20
6.25
6.29
6.33
6.38
6.42
6.46
6.49
6.53
6.56
6.58
6.60
6.62
6.64
6.67
6.69
6.72
6.76
6.80
6.84
6.87
6.91
6.94
6.98
7.00
7.03
7.05
7.07
7.09
7.12
7.15
7.19
7.23
7.28
7.30
7.32
7.33
7.36
7.38
7.40
7.41
7.42
7.43
7.44
7.44
7.44
7.44
7.44
7.44
7.44
7.44
7.44
7.44
7.45
7.46
7.46
7.47
7.47
7.47
7.47
7.49
7.50
7.51
7.52
7.51
7.51
7.51
7.49
7.48
7.48
7.48
7.48
7.50
7.51
7.52
7.53
7.53
7.53
7.54
7.56
7.58
7.60
7.61
7.63
7.66
7.66
7.66
7.64
7.64
7.64
7.64
7.63
7.63
7.63
7.63
7.63
7.63
7.62
7.61
7.58
7.56
7.55
7.54
7.53
7.52
7.51
7.51
7.51
7.51
7.51
7.53
7.54
7.56
7.60
7.63
7.66
7.68
7.70
7.71
7.74
7.77
7.81
7.84
7.88
7.92
7.95
7.99
8.03
8.08
8.12
8.15
8.19
8.23
8.27
8.32
8.36
8.40
8.43
8.46
8.51
8.54
8.59
8.64
8.68
8.73
8.77
8.79
8.79
8.81
8.83
8.85
8.88
8.90
8.92
8.94
8.95
8.96
8.97
9.00
9.01
9.02
9.02
9.04
9.04
9.06
9.06
9.07
9.09
9.10
9.12
9.14
9.15
9.17
9.19
9.21
9.24
9.27
9.31
9.33
9.35
9.37
9.37
9.34
9.30
9.25
9.19
9.15
9.09
9.03
8.98
8.93
8.90
8.86
8.83
8.80
8.78
8.76
8.75
8.73
8.72
8.71
8.70
8.70
8.71
8.71
8.72
8.71
8.71
8.70
8.70
8.70
8.70
8.69
8.69
8.68
8.67
8.68
8.68
8.69
8.69
8.68
8.68
8.69
8.70
8.72
8.73
8.74
8.76
8.77
8.77
8.76
8.76
8.75
8.75
8.74
8.73
8.72
8.73
8.73
8.72
8.71
8.70
8.70
8.69
8.68
8.66
8.64
8.62
8.59
8.56
8.54
8.52
8.50
8.49
8.47
8.45
8.42
8.39
8.37
8.34
8.31
8.28
8.24
8.21
8.17
8.13
8.09
8.06
8.03
7.99
7.96
7.93
7.90
7.87
7.83
7.80
7.75
7.71
7.67
7.64
7.63
7.62
7.60
7.58
7.58
7.57
7.57
7.56
7.58
7.58
7.58
7.60
7.62
7.63
7.63
7.64
7.65
7.67
7.69
7.71
7.73
7.74
7.74
7.74
7.75
7.75
7.75
7.75
7.75
7.75
7.75
Sampling Rate: 380.00 Hz
7.75
7.74
7.73
7.72
7.71
7.70
7.69
7.67
7.65
7.64
7.62
7.60
7.58
7.55
7.53
7.51
7.48
7.46
7.43
7.41
7.38
7.35
7.33
7.30
7.27
7.24
7.21
7.18
7.17
7.15
7.13
7.10
7.07
7.06
7.04
7.01
6.98
6.97
6.96
6.96
6.97
6.97
6.96
6.96
6.95
6.97
6.98
6.98
7.00
7.03
7.06
7.09
7.12
7.15
7.18
7.21
7.25
7.28
7.32
7.36
7.39
7.44
7.48
7.52
7.56
7.60
7.64
7.65
7.66
7.67
7.68
7.69
7.70
7.71
7.73
7.73
7.74
7.75
7.75
7.75
7.75
7.74
7.74
7.73
7.72
7.70
7.67
7.65
7.65
7.65
7.65
7.65
7.63
7.62
7.61
7.60
7.58
7.56
7.54
7.53
7.53
7.53
7.53
7.54
7.55
7.56
7.56
7.57
7.59
7.59
7.57
7.54
7.51
7.50
7.48
7.47
7.46
7.46
7.46
7.45
7.46
7.47
7.49
7.50
7.49
7.50
7.51
7.52
7.53
7.54
7.55
7.56
7.57
7.58
7.57
7.56
7.56
7.55
7.55
7.54
7.53
7.52
7.52
7.50
7.48
7.45
7.45
7.44
7.44
7.44
7.43
7.43
7.42
7.41
7.39
7.37
7.35
7.32
7.30
7.28
7.26
7.24
7.21
7.18
7.15
7.12
7.11
7.08
7.07
7.07
7.07
7.07
7.08
7.08
7.09
7.10
7.12
7.14
7.15
7.16
7.16
7.18
7.19
7.22
7.24
7.27
7.29
7.31
7.33
7.35
7.37
7.38
7.39
7.40
7.41
7.42
7.44
7.46
7.48
7.51
7.54
7.57
7.60
7.63
7.65
7.67
7.69
7.69
7.70
7.69
7.68
7.67
7.67
7.68
7.71
7.74
7.75
7.76
7.76
7.76
7.76
7.76
7.75
7.75
7.76
7.77
7.79
7.80
7.81
7.83
7.84
7.85
7.85
7.87
7.89
7.89
7.90
7.89
7.89
7.88
7.87
7.88
7.87
7.86
7.85
7.85
7.84
7.83
7.81
7.80
7.79
7.77
7.74
7.73
7.73
7.73
7.72
7.71
7.71
7.71
7.72
7.72
7.72
7.72
7.72
7.72
7.72
7.71
7.70
7.69
7.70
7.70
7.69
7.68
7.67
7.65
7.63
7.61
7.59
7.58
7.57
7.55
7.54
7.53
7.51
7.50
7.50
7.51
7.50
7.49
7.50
7.50
7.49
7.48
7.47
7.46
7.43
7.41
7.40
7.38
7.38
7.37
7.36
7.35
7.35
7.32
7.29
7.26
7.23
7.21
7.18
7.15
7.12
7.09
7.06
7.04
7.02
7.00
6.98
6.97
6.95
6.95
6.94
6.94
6.94
6.95
6.96
6.95
6.96
6.95
6.94
6.92
6.89
6.87
6.85
6.84
6.84
6.84
6.85
6.85
6.84
6.84
6.83
6.83
6.83
6.83
6.82
6.82
6.83
6.83
6.85
6.85
6.87
6.89
6.91
6.93
6.96
6.98
6.99
6.99
7.00
7.00
7.00
6.98
6.97
6.97
6.95
6.93
6.91
6.88
6.86
6.83
6.82
6.80
6.79
6.78
6.78
6.77
6.75
6.73
Sampling Rate: 380.00 Hz
6.72
6.70
6.69
6.68
6.67
6.66
6.64
6.63
6.62
6.60
6.59
6.57
6.55
6.53
6.52
6.48
6.45
6.42
6.40
6.37
6.33
6.29
6.25
6.20
6.14
6.09
6.02
5.98
5.94
5.91
5.91
5.90
5.89
5.87
5.86
5.86
5.86
5.85
5.84
5.84
5.85
5.85
5.84
5.84
5.83
5.83
5.84
5.85
5.86
5.87
5.88
5.90
5.91
5.92
5.92
5.93
5.93
5.93
5.93
5.93
5.94
5.95
5.95
5.95
5.94
5.93
5.94
5.93
5.94
5.96
5.97
5.98
5.99
6.00
6.02
6.03
6.05
6.08
6.12
6.14
6.16
6.19
6.23
6.25
6.26
6.28
6.30
6.33
6.34
6.36
6.36
6.37
6.37
6.37
6.37
6.35
6.33
6.30
6.29
6.29
6.28
6.29
6.29
6.30
6.30
6.32
6.34
6.35
6.35
6.35
6.37
6.38
6.38
6.37
6.37
6.36
6.35
6.33
6.32
6.30
6.28
6.26
6.24
6.22
6.20
6.18
6.16
6.12
6.09
6.06
6.03
6.00
5.98
5.95
5.93
5.89
5.85
5.81
5.77
5.74
5.71
5.68
5.66
5.63
5.61
5.59
5.57
5.55
5.53
5.51
5.48
5.45
5.42
5.39
5.36
5.34
5.31
5.29
5.27
5.25
5.23
5.21
5.18
5.16
5.14
5.12
5.10
5.08
5.06
5.04
5.01
4.99
4.97
4.95
4.93
4.92
4.91
4.89
4.89
4.88
4.86
4.85
4.83
4.82
4.81
4.79
4.77
4.74
4.72
4.68
4.64
4.61
4.58
4.55
4.52
4.49
4.47
4.44
4.42
4.40
4.39
4.39
4.40
4.41
4.43
4.45
4.46
4.48
4.50
4.51
4.54
4.56
4.58
4.59
4.60
4.61
4.61
4.61
4.61
4.61
4.62
4.63
4.63
4.63
4.61
4.59
4.57
4.55
4.54
4.53
4.51
4.50
4.50
4.49
4.49
4.47
4.46
4.45
4.43
4.41
4.40
4.38
4.36
4.34
4.32
4.29
4.24
4.19
4.15
4.12
4.08
4.04
4.00
3.97
3.94
3.92
3.91
3.89
3.88
3.87
3.86
3.84
3.83
3.82
3.81
3.80
3.78
3.74
3.69
3.65
3.59
3.54
3.49
3.44
3.39
3.34
3.29
3.24
3.19
3.15
3.11
3.05
3.00
2.96
2.92
2.86
2.82
2.78
2.75
2.72
2.69
2.66
2.62
2.59
2.56
2.54
2.51
2.49
2.47
2.46
2.46
2.45
2.44
2.43
2.44
2.45
2.45
2.45
2.46
2.47
2.49
2.51
2.54
2.56
2.58
2.60
2.62
2.64
2.68
2.70
2.74
2.77
2.79
2.82
2.84
2.87
2.89
2.92
2.95
2.97
2.98
3.00
3.01
3.02
3.03
3.03
3.02
3.03
3.02
3.01
3.00
2.98
2.95
2.91
2.86
2.80
2.74
2.68
2.62
2.56
2.49
2.42
2.35
2.28
2.22
2.17
2.12
2.08
2.04
2.01
2.00
2.00
2.01
2.02
2.05
2.09
2.12
2.14
2.18
2.22
2.27
2.31
2.38
2.43
2.48
2.53
2.58
2.61
2.67
2.71
Sampling Rate: 380.00 Hz
2.74
2.78
2.80
2.82
2.83
2.82
2.82
2.82
2.81
2.79
2.76
2.73
2.70
2.66
2.64
2.62
2.60
2.58
2.56
2.53
2.52
2.51
2.50
2.48
2.47
2.47
2.47
2.48
2.51
2.54
2.57
2.61
2.65
2.70
2.74
2.79
2.84
2.88
2.92
2.96
3.01
3.06
3.09
3.13
3.15
3.18
3.20
3.23
3.26
3.28
3.31
3.33
3.35
3.36
3.36
3.37
3.37
3.37
3.35
3.33
3.32
3.31
3.30
3.29
3.27
3.25
3.23
3.24
3.25
3.27
3.30
3.33
3.38
3.42
3.45
3.49
3.53
3.57
3.61
3.65
3.68
3.70
3.72
3.74
3.78
3.80
3.83
3.85
3.86
3.86
3.86
3.87
3.87
3.87
3.86
3.85
3.83
3.80
3.78
3.76
3.74
3.72
3.70
3.67
3.63
3.60
3.55
3.52
3.48
3.45
3.41
3.38
3.35
3.34
3.32
3.31
3.30
3.29
3.28
3.28
3.27
3.26
3.25
3.25
3.24
3.23
3.22
3.21
3.22
3.23
3.24
3.26
3.28
3.30
3.33
3.35
3.38
3.41
3.43
3.47
3.50
3.54
3.60
3.66
3.72
3.79
3.88
3.97
4.06
4.16
4.26
4.37
4.49
4.62
4.77
4.93
5.09
5.27
5.45
5.63
5.83
6.05
6.26
6.48
6.70
6.92
7.13
7.32
7.50
7.66
7.80
7.92
7.99
8.03
8.05
8.05
8.03
8.00
7.97
7.95
7.94
7.92
7.90
7.88
7.87
7.87
7.86
7.86
7.85
7.82
7.77
7.72
7.66
7.57
7.46
7.36
7.24
7.14
7.02
6.91
6.79
6.67
6.56
6.44
6.35
6.25
6.14
6.02
5.91
5.81
5.72
5.63
5.55
5.47
5.40
5.33
5.26
5.22
5.17
5.11
5.06
5.01
4.96
4.91
4.87
4.82
4.77
4.73
4.69
4.64
4.62
4.59
4.56
4.52
4.51
4.48
4.45
4.44
4.42
4.39
4.38
4.36
4.35
4.35
4.33
4.33
4.33
4.33
4.34
4.36
4.38
4.39
4.40
4.40
4.41
4.41
4.41
4.41
4.41
4.42
4.44
4.47
4.50
4.53
4.54
4.56
4.58
4.61
4.63
4.65
4.67
4.71
4.73
4.76
4.77
4.79
4.78
4.78
4.76
4.75
4.74
4.72
4.71
4.68
4.65
4.61
4.57
4.54
4.50
4.47
4.44
4.41
4.37
4.35
4.32
4.28
4.26
4.24
4.20
4.17
4.13
4.09
4.06
4.02
3.98
3.94
3.91
3.87
3.84
3.80
3.77
3.74
3.71
3.69
3.67
3.65
3.63
3.60
3.58
3.54
3.49
3.43
3.37
3.30
3.24
3.17
3.10
3.01
2.92
2.81
2.69
2.56
2.44
2.31
2.18
2.05
1.91
1.75
1.58
1.41
1.23
1.06
0.90
0.73
0.55
0.35
0.15
-0.06
-0.29
-0.51
-0.74
-0.96
-1.18
-1.41
-1.62
-1.83
-2.02
-2.18
-2.31
-2.41
-2.48
-2.51
-2.52
-2.51
-2.49
-2.47
-2.42
-2.35
-2.28
-2.20
-2.10
-2.00
-1.89
-1.77
-1.64
-1.49
-1.32
-1.14
-0.95
-0.75
Sampling Rate: 380.00 Hz
-0.54
-0.33
-0.10
0.14
0.39
0.64
0.89
1.16
1.42
1.67
1.92
2.16
2.37
2.56
2.74
2.91
3.07
3.21
3.34
3.46
3.57
3.67
3.75
3.83
3.88
3.93
3.98
4.02
4.04
4.07
4.08
4.08
4.09
4.09
4.08
4.06
4.04
4.01
3.96
3.92
3.88
3.85
3.80
3.75
3.71
3.67
3.64
3.62
3.58
3.55
3.51
3.47
3.45
3.44
3.44
3.43
3.42
3.41
3.40
3.40
3.41
3.43
3.44
3.44
3.45
3.47
3.49
3.51
3.51
3.51
3.50
3.50
3.49
3.47
3.45
3.43
3.40
3.38
3.35
3.32
3.30
3.27
3.23
3.18
3.13
3.10
3.07
3.04
3.01
2.99
2.99
2.98
2.96
2.97
2.98
2.99
3.03
3.06
3.09
3.12
3.14
3.18
3.23
3.26
3.29
3.31
3.34
3.38
3.42
3.44
3.48
3.50
3.51
3.51
3.51
3.50
3.51
3.52
3.52
3.54
3.54
3.55
3.55
3.54
3.53
3.51
3.48
3.45
3.42
3.39
3.36
3.34
3.32
3.28
3.25
3.22
3.19
3.17
3.14
3.11
3.07
3.02
2.98
2.94
2.89
2.85
2.83
2.81
2.79
2.78
2.77
2.76
2.76
2.75
2.75
2.75
2.76
2.76
2.76
2.75
2.76
2.78
2.81
2.82
2.82
2.82
2.81
2.80
2.79
2.78
2.76
2.75
2.73
2.71
2.70
2.68
2.66
2.65
2.62
2.59
2.57
2.55
2.53
2.51
2.50
2.48
2.45
2.43
2.41
2.39
2.38
2.38
2.38
2.38
2.37
2.36
2.35
2.34
2.33
2.32
2.33
2.34
2.36
2.39
2.41
2.44
2.47
2.50
2.52
2.57
2.61
2.65
2.68
2.72
2.76
2.79
2.84
2.88
2.91
2.94
2.97
2.98
2.98
2.98
2.98
2.97
2.96
2.95
2.94
2.92
2.91
2.89
2.88
2.87
2.84
2.81
2.79
2.77
2.75
2.74
2.72
2.71
2.70
2.68
2.67
2.66
2.63
2.59
2.56
2.54
2.52
2.51
2.49
2.48
2.47
2.45
2.43
2.42
2.40
2.39
2.38
2.38
2.37
2.36
2.35
2.33
2.31
2.30
2.29
2.28
2.27
2.25
2.22
2.19
2.16
2.12
2.08
2.03
1.99
1.94
1.90
1.86
1.82
1.77
1.74
1.70
1.66
1.63
1.60
1.55
1.51
1.47
1.44
1.43
1.42
1.40
1.38
1.36
1.35
1.33
1.31
1.29
1.28
1.25
1.22
1.20
1.18
1.16
1.15
1.14
1.13
1.11
1.10
1.09
1.09
1.08
1.08
1.09
1.08
1.08
1.08
1.09
1.10
1.11
1.12
1.12
1.13
1.13
1.14
1.16
1.19
1.21
1.24
1.25
1.27
1.29
1.31
1.34
1.36
1.38
1.40
1.42
1.44
1.47
1.50
1.54
1.56
1.60
1.64
1.70
1.76
1.81
1.86
1.91
1.95
1.99
2.02
2.06
2.07
2.09
2.11
2.11
2.12
2.12
2.10
2.09
2.06
2.04
2.01
2.00
1.98
1.98
1.98
1.97
1.96
1.94
1.92
1.89
1.87
1.86
Sampling Rate: 380.00 Hz
1.86
1.85
1.84
1.83
1.82
1.81
1.79
1.78
1.77
1.76
1.75
1.76
1.75
1.74
1.74
1.75
1.76
1.76
1.75
1.75
1.76
1.77
1.76
1.75
1.74
1.73
1.72
1.70
1.68
1.65
1.63
1.60
1.57
1.55
1.52
1.50
1.47
1.45
1.43
1.41
1.39
1.37
1.35
1.33
1.31
1.29
1.28
1.28
1.27
1.27
1.27
1.29
1.31
1.33
1.34
1.36
1.36
1.38
1.39
1.41
1.42
1.43
1.45
1.46
1.48
1.50
1.52
1.53
1.55
1.55
1.54
1.54
1.52
1.52
1.52
1.51
1.49
1.46
1.44
1.41
1.38
1.35
1.32
1.29
1.26
1.23
1.18
1.15
1.12
1.09
1.05
1.00
0.96
0.93
0.89
0.86
0.84
0.82
0.80
0.79
0.78
0.78
0.77
0.76
0.76
0.77
0.79
0.80
0.82
0.85
0.89
0.92
0.97
1.01
1.07
1.12
1.17
1.23
1.28
1.32
1.35
1.37
1.39
1.41
1.42
1.43
1.44
1.45
1.45
1.46
1.46
1.45
1.44
1.43
1.41
1.38
1.35
1.31
1.27
1.23
1.19
1.15
1.13
1.10
1.07
1.06
1.04
1.03
1.01
1.01
0.99
0.99
0.99
1.00
1.01
1.03
1.04
1.06
1.07
1.09
1.10
1.13
1.15
1.18
1.21
1.24
1.27
1.29
1.31
1.35
1.37
1.38
1.40
1.42
1.44
1.45
1.45
1.45
1.46
1.48
1.49
1.49
1.48
1.47
1.46
1.45
1.45
1.46
1.46
1.46
1.45
1.44
1.44
1.44
1.43
1.42
1.40
1.39
1.37
1.36
1.34
1.32
1.31
1.29
1.29
1.30
1.32
1.34
1.35
1.37
1.39
1.41
1.44
1.46
1.50
1.55
1.59
1.62
1.65
1.67
1.69
1.70
1.72
1.73
1.74
1.74
1.75
1.75
1.76
1.76
1.76
1.76
1.76
1.76
1.76
1.76
1.76
1.76
1.76
1.75
1.75
1.73
1.70
1.68
1.66
1.65
1.65
1.64
1.63
1.63
1.63
1.64
1.65
1.65
1.64
1.63
1.61
1.59
1.57
1.57
1.56
1.55
1.53
1.50
1.48
1.47
1.46
1.45
1.45
1.45
1.46
1.47
1.47
1.48
1.48
1.48
1.47
1.45
1.44
1.44
1.43
1.43
1.42
1.43
1.44
1.44
1.46
1.47
1.49
1.50
1.51
1.51
1.50
1.50
1.49
1.48
1.47
1.46
1.45
1.44
1.43
1.42
1.41
1.40
1.39
1.37
1.35
1.33
1.32
1.31
1.30
1.29
1.27
1.25
1.22
1.20
1.19
1.19
1.19
1.19
1.19
1.19
1.19
1.19
1.17
1.15
1.14
1.14
1.13
1.13
1.12
1.12
1.11
1.11
1.11
1.11
1.09
1.08
1.07
1.06
1.05
1.05
1.05
1.04
1.03
1.01
1.00
0.98
0.95
0.92
0.88
0.85
0.84
0.83
0.81
0.80
0.78
0.77
0.75
0.73
0.70
0.67
0.63
0.60
0.57
0.54
0.51
0.48
0.45
0.42
0.40
0.37
0.35
0.33
0.31
0.29
0.27
0.27
0.28
0.28
Sampling Rate: 380.00 Hz
0.28
0.27
0.26
0.26
0.26
0.27
0.29
0.31
0.34
0.35
0.37
0.39
0.43
0.46
0.49
0.52
0.55
0.57
0.59
0.61
0.63
0.66
0.69
0.71
0.73
0.76
0.78
0.80
0.81
0.82
0.84
0.86
0.87
0.87
0.88
0.88
0.88
0.88
0.88
0.88
0.87
0.87
0.88
0.89
0.89
0.89
0.89
0.89
0.88
0.88
0.89
0.91
0.92
0.92
0.92
0.94
0.96
0.98
1.00
1.00
1.02
1.02
1.04
1.04
1.04
1.03
1.02
1.00
0.99
0.97
0.96
0.94
0.93
0.93
0.92
0.91
0.90
0.89
0.88
0.87
0.86
0.84
0.83
0.80
0.77
0.74
0.72
0.70
0.67
0.63
0.59
0.55
0.52
0.50
0.47
0.44
0.42
0.41
0.40
0.40
0.40
0.41
0.40
0.39
0.38
0.37
0.37
0.37
0.38
0.38
0.37
0.37
0.37
0.38
0.38
0.39
0.40
0.40
0.41
0.42
0.43
0.43
0.44
0.45
0.45
0.46
0.46
0.47
0.47
0.47
0.48
0.48
0.48
0.49
0.47
0.46
0.46
0.46
0.45
0.44
0.43
0.42
0.41
0.39
0.39
0.39
0.39
0.39
0.39
0.39
0.41
0.43
0.44
0.46
0.48
0.49
0.50
0.50
0.50
0.50
0.50
0.50
0.50
0.50
0.48
0.47
0.46
0.45
0.45
0.45
0.46
0.47
0.47
0.47
0.48
0.48
0.48
0.47
0.47
0.47
0.47
0.46
0.46
0.44
0.43
0.42
0.41
0.42
0.45
0.47
0.49
0.51
0.51
0.51
0.51
0.51
0.51
0.50
0.50
0.49
0.50
0.50
0.50
0.50
0.50
0.49
0.49
0.48
0.46
0.44
0.42
0.39
0.38
0.37
0.36
0.35
0.35
0.34
0.34
0.32
0.31
0.30
0.30
0.30
0.29
0.29
0.31
0.32
0.33
0.33
0.32
0.31
0.31
0.30
0.30
0.30
0.30
0.30
0.30
0.30
0.30
0.28
0.27
0.27
0.26
0.26
0.26
0.26
0.24
0.23
0.23
0.23
0.22
0.21
0.19
0.17
0.16
0.16
0.16
0.16
0.16
0.17
0.17
0.18
0.18
0.17
0.17
0.16
0.15
0.14
0.14
0.12
0.12
0.11
0.11
0.12
0.11
0.10
0.10
0.12
0.13
0.15
0.16
0.17
0.17
0.18
0.19
0.19
0.20
0.22
0.25
0.27
0.28
0.31
0.33
0.35
0.37
0.39
0.42
0.44
0.45
0.45
0.47
0.49
0.51
0.54
0.56
0.56
0.56
0.55
0.54
0.53
0.52
0.50
0.47
0.45
0.42
0.40
0.40
0.40
0.41
0.43
0.43
0.44
0.43
0.43
0.41
0.39
0.35
0.33
0.31
0.29
0.26
0.24
0.23
0.21
0.19
0.17
0.18
0.18
0.18
0.18
0.18
0.18
0.18
0.18
0.18
0.18
0.18
0.18
0.18
0.18
0.18
0.18
0.17
0.17
0.17
0.17
0.17
0.17
0.15
0.14
0.14
0.12
0.10
0.09
0.09
0.07
0.05
0.03
0.02
0.01
0.01
0.02
0.00
-0.02
-0.04
-0.06
-0.07
-0.08
-0.11
Sampling Rate: 381.00 Hz
-0.13
-0.15
-0.17
-0.19
-0.22
-0.23
-0.25
-0.27
-0.29
-0.31
-0.34
-0.36
-0.37
-0.38
-0.38
-0.37
-0.35
-0.33
-0.31
-0.29
-0.26
-0.24
-0.21
-0.17
-0.14
-0.11
-0.07
-0.03
0.01
0.04
0.06
0.08
0.11
0.13
0.15
0.16
0.17
0.17
0.18
0.20
0.21
0.22
0.22
0.22
0.23
0.23
0.22
0.22
0.24
0.24
0.25
0.25
0.27
0.29
0.30
0.33
0.35
0.37
0.39
0.42
0.45
0.48
0.51
0.54
0.58
0.60
0.63
0.66
0.70
0.75
0.79
0.82
0.86
0.90
0.95
1.00
1.05
1.10
1.15
1.20
1.24
1.29
1.32
1.38
1.42
1.46
1.51
1.56
1.62
1.68
1.73
1.77
1.82
1.87
1.92
1.97
2.01
2.04
2.07
2.10
2.13
2.16
2.19
2.22
2.25
2.27
2.29
2.30
2.29
2.29
2.30
2.30
2.30
2.30
2.30
2.30
2.31
2.30
2.30
2.30
2.29
2.28
2.28
2.28
2.29
2.28
2.25
2.23
2.19
2.17
2.16
2.16
2.16
2.16
2.18
2.19
2.21
2.22
2.22
2.23
2.25
2.28
2.31
2.33
2.36
2.40
2.43
2.45
2.46
2.47
2.50
2.50
2.52
2.54
2.54
2.55
2.57
2.59
2.60
2.62
2.63
2.63
2.63
2.61
2.61
2.59
2.57
2.55
2.52
2.47
2.42
2.37
2.33
2.28
2.23
2.18
2.12
2.08
2.03
1.97
1.92
1.86
1.81
1.75
1.68
1.61
1.53
1.44
1.36
1.28
1.19
1.13
1.08
1.04
1.03
1.01
1.01
1.04
1.07
1.10
1.15
1.20
1.28
1.35
1.44
1.52
1.61
1.69
1.76
1.83
1.91
1.98
2.02
2.05
2.07
2.07
2.07
2.06
2.04
2.02
1.99
1.97
1.95
1.92
1.88
1.85
1.80
1.75
1.69
1.63
1.57
1.51
1.45
1.40
1.33
1.27
1.21
1.14
1.07
0.99
0.92
0.84
0.76
0.69
0.62
0.54
0.46
0.38
0.29
0.22
0.14
0.06
-0.00
-0.07
-0.14
-0.23
-0.32
-0.42
-0.53
-0.64
-0.75
-0.86
-0.96
-1.06
-1.16
-1.26
-1.37
-1.45
-1.54
-1.63
-1.72
-1.79
-1.86
-1.93
-2.00
-2.07
-2.15
-2.23
-2.30
-2.37
-2.44
-2.52
-2.59
-2.67
-2.74
-2.81
-2.88
-2.94
-3.00
-3.06
-3.11
-3.16
-3.20
-3.23
-3.25
-3.28
-3.31
-3.33
-3.36
-3.38
-3.40
-3.42
-3.44
-3.45
-3.47
-3.48
-3.49
-3.50
-3.50
-3.51
-3.51
-3.52
-3.52
-3.52
-3.53
-3.56
-3.59
-3.62
-3.65
-3.69
-3.72
-3.75
-3.78
-3.81
-3.84
-3.86
-3.89
-3.91
-3.92
-3.94
-3.95
-3.98
-4.01
-4.04
-4.06
-4.08
-4.10
-4.11
-4.11
-4.11
-4.11
-4.10
-4.09
-4.09
-4.07
-4.06
-4.05
-4.04
-4.02
-4.01
-3.99
-3.96
-3.94
-3.90
-3.87
-3.83
-3.80
-3.77
-3.75
-3.73
-3.72
-3.69
-3.65
-3.60
-3.56
-3.51
-3.45
-3.40
-3.34
-3.28
-3.24
-3.20
-3.15
-3.11
-3.06
-2.99
-2.92
-2.85
-2.77
-2.70
Sampling Rate: 380.00 Hz
-2.63
-2.56
-2.49
-2.42
-2.36
-2.29
-2.24
-2.17
-2.09
-2.01
-1.92
-1.84
-1.75
-1.66
-1.57
-1.50
-1.45
-1.40
-1.34
-1.29
-1.22
-1.16
-1.10
-1.04
-0.99
-0.95
-0.91
-0.87
-0.84
-0.82
-0.81
-0.79
-0.77
-0.75
-0.74
-0.73
-0.73
-0.72
-0.72
-0.73
-0.74
-0.74
-0.73
-0.72
-0.72
-0.71
-0.71
-0.70
-0.71
-0.70
-0.69
-0.67
-0.65
-0.63
-0.61
-0.59
-0.57
-0.55
-0.53
-0.51
-0.50
-0.49
-0.48
-0.47
-0.46
-0.45
-0.43
-0.42
-0.40
-0.39
-0.39
-0.39
-0.39
-0.38
-0.39
-0.39
-0.40
-0.40
-0.40
-0.41
-0.42
-0.41
-0.42
-0.43
-0.44
-0.46
-0.48
-0.49
-0.49
-0.50
-0.52
-0.54
-0.56
-0.60
-0.64
-0.67
-0.71
-0.74
-0.79
-0.84
-0.89
-0.93
-0.98
-1.02
-1.07
-1.12
-1.16
-1.19
-1.22
-1.24
-1.25
-1.27
-1.27
-1.27
-1.28
-1.28
-1.28
-1.27
-1.25
-1.24
-1.23
-1.19
-1.17
-1.14
-1.12
-1.11
-1.09
-1.06
-1.02
-0.99
-0.95
-0.92
-0.90
-0.87
-0.85
-0.83
-0.81
-0.77
-0.74
-0.70
-0.66
-0.62
-0.58
-0.54
-0.50
-0.46
-0.43
-0.39
-0.36
-0.33
-0.30
-0.28
-0.24
-0.20
-0.17
-0.15
-0.13
-0.11
-0.09
-0.07
-0.06
-0.06
-0.06
-0.06
-0.05
-0.04
-0.04
-0.03
-0.02
-0.01
-0.01
0.00
0.01
0.02
0.04
0.05
0.08
0.10
0.12
0.13
0.13
0.14
0.14
0.14
0.14
0.14
0.14
0.13
0.12
0.11
0.10
0.10
0.10
0.09
0.09
0.09
0.11
0.13
0.17
0.19
0.20
0.23
0.24
0.26
0.29
0.31
0.32
0.33
0.36
0.38
0.41
0.44
0.47
0.50
0.52
0.54
0.56
0.58
0.60
0.62
0.64
0.66
0.68
0.70
0.72
0.73
0.75
0.76
0.77
0.79
0.80
0.81
0.82
0.83
0.82
0.81
0.80
0.79
0.79
0.79
0.77
0.76
0.76
0.76
0.76
0.77
0.77
0.78
0.78
0.79
0.79
0.80
0.80
0.81
0.81
0.81
0.82
0.82
0.82
0.82
0.83
0.83
0.83
0.83
0.83
0.83
0.83
0.83
0.83
0.83
0.83
0.82
0.82
0.82
0.82
0.82
0.83
0.84
0.84
0.85
0.85
0.84
0.84
0.84
0.83
0.83
0.83
0.82
0.82
0.81
0.82
0.83
0.83
0.83
0.83
0.82
0.82
0.80
0.77
0.74
0.73
0.70
0.68
0.65
0.61
0.59
0.58
0.55
0.54
0.53
0.52
0.51
0.48
0.47
0.46
0.46
0.45
0.44
0.44
0.44
0.45
0.46
0.46
0.49
0.50
0.52
0.53
0.54
0.55
0.57
0.59
0.62
0.63
0.65
0.65
0.67
0.69
0.69
0.71
0.72
0.73
0.73
0.73
0.72
0.72
0.73
0.73
0.73
0.73
0.72
0.72
0.71
0.70
0.69
0.68
0.68
0.67
0.66
0.65
0.64
0.64
0.63
0.62
0.62
0.61
0.60
0.60
0.59
0.58
0.58
0.57
0.57
0.56
0.56
0.55
0.55
0.54
0.54
0.54
0.53
Sampling Rate: 380.00 Hz
0.53
0.52
0.52
0.52
0.51
0.51
0.51
0.50
0.51
0.52
0.53
0.54
0.57
0.58
0.59
0.59
0.59
0.59
0.58
0.58
0.57
0.56
0.55
0.55
0.54
0.53
0.52
0.53
0.53
0.55
0.56
0.56
0.56
0.55
0.55
0.54
0.54
0.53
0.52
0.51
0.50
0.49
0.49
0.48
0.47
0.46
0.46
0.45
0.44
0.45
0.46
0.46
0.46
0.46
0.45
0.45
0.44
0.45
0.46
0.47
0.48
0.48
0.48
0.48
0.48
0.47
0.46
0.46
0.45
0.46
0.46
0.47
0.48
0.50
0.50
0.51
0.51
0.50
0.49
0.50
0.52
0.52
0.52
0.54
0.54
0.54
0.53
0.52
0.51
0.50
0.49
0.48
0.46
0.47
0.46
0.46
0.45
0.44
0.44
0.43
0.42
0.41
0.40
0.39
0.38
0.37
0.36
0.35
0.34
0.33
0.34
0.34
0.34
0.34
0.35
0.36
0.36
0.36
0.36
0.37
0.39
0.40
0.40
0.40
0.40
0.40
0.41
0.41
0.40
0.41
0.43
0.45
0.46
0.46
0.46
0.45
0.46
0.46
0.45
0.43
0.41
0.39
0.37
0.37
0.38
0.39
0.39
0.38
0.37
0.38
0.38
0.39
0.41
0.44
0.45
0.47
0.47
0.47
0.48
0.50
0.52
0.54
0.56
0.59
0.61
0.63
0.66
0.68
0.69
0.70
0.71
0.72
0.72
0.71
0.69
0.68
0.67
0.65
0.62
0.59
0.57
0.54
0.53
0.51
0.49
0.49
0.48
0.46
0.46
0.45
0.44
0.42
0.41
0.39
0.37
0.35
0.33
0.30
0.27
0.25
0.23
0.21
0.18
0.16
0.14
0.12
0.11
0.10
0.08
0.06
0.05
0.02
0.00
-0.02
-0.04
-0.07
-0.10
-0.14
-0.17
-0.20
-0.22
-0.26
-0.29
-0.32
-0.35
-0.38
-0.41
-0.43
-0.43
-0.44
-0.44
-0.44
-0.44
-0.44
-0.45
-0.47
-0.48
-0.50
-0.52
-0.54
-0.55
-0.57
-0.59
-0.62
-0.65
-0.67
-0.68
-0.70
-0.71
-0.72
-0.73
-0.74
-0.76
-0.78
-0.79
-0.80
-0.82
-0.83
-0.84
-0.85
-0.85
-0.85
-0.87
-0.89
-0.92
-0.95
-0.99
-1.02
-1.06
-1.10
-1.13
-1.16
-1.19
-1.21
-1.22
-1.24
-1.26
-1.28
-1.30
-1.32
-1.33
-1.35
-1.37
-1.38
-1.39
-1.41
-1.42
-1.43
-1.44
-1.44
-1.45
-1.46
-1.46
-1.48
-1.50
-1.51
-1.51
-1.52
-1.52
-1.51
-1.49
-1.49
-1.48
-1.48
-1.47
-1.47
-1.46
-1.46
-1.46
-1.46
-1.45
-1.45
-1.45
-1.43
-1.40
-1.36
-1.32
-1.28
-1.24
-1.19
-1.15
-1.10
-1.06
-1.04
-1.01
-0.98
-0.95
-0.92
-0.90
-0.89
-0.86
-0.84
-0.82
-0.79
-0.77
-0.74
-0.72
-0.70
-0.68
-0.64
-0.61
-0.59
-0.58
-0.57
-0.56
-0.55
-0.54
-0.53
-0.52
-0.50
-0.51
-0.51
-0.50
-0.50
-0.49
-0.50
-0.52
-0.54
-0.55
-0.56
-0.55
-0.55
-0.56
-0.56
-0.55
-0.55
-0.54
-0.53
-0.51
-0.50
-0.49
-0.48
-0.46
-0.45
-0.44
-0.43
-0.42
-0.41
-0.40
-0.39
Sampling Rate: 380.00 Hz
-0.38
-0.36
-0.34
-0.33
-0.31
-0.30
-0.30
-0.29
-0.29
-0.28
-0.28
-0.27
-0.27
-0.27
-0.27
-0.26
-0.26
-0.26
-0.27
-0.28
-0.29
-0.30
-0.31
-0.33
-0.36
-0.39
-0.41
-0.44
-0.47
-0.49
-0.49
-0.51
-0.51
-0.51
-0.50
-0.50
-0.48
-0.46
-0.43
-0.41
-0.39
-0.38
-0.36
-0.35
-0.34
-0.32
-0.31
-0.30
-0.30
-0.29
-0.28
-0.27
-0.27
-0.26
-0.25
-0.25
-0.26
-0.26
-0.26
-0.26
-0.26
-0.26
-0.25
-0.25
-0.24
-0.26
-0.28
-0.30
-0.33
-0.37
-0.39
-0.41
-0.43
-0.45
-0.47
-0.48
-0.50
-0.52
-0.54
-0.57
-0.59
-0.62
-0.63
-0.64
-0.65
-0.66
-0.66
-0.67
-0.67
-0.68
-0.68
-0.68
-0.68
-0.69
-0.70
-0.71
-0.72
-0.74
-0.73
-0.74
-0.74
-0.75
-0.76
-0.77
-0.78
-0.79
-0.80
-0.81
-0.82
-0.82
-0.83
-0.84
-0.83
-0.81
-0.78
-0.75
-0.72
-0.68
-0.64
-0.61
-0.57
-0.54
-0.50
-0.47
-0.44
-0.41
-0.38
-0.36
-0.33
-0.31
-0.29
-0.27
-0.25
-0.23
-0.21
-0.20
-0.18
-0.17
-0.15
-0.14
-0.11
-0.09
-0.06
-0.04
-0.00
0.02
0.04
0.05
0.06
0.06
0.08
0.10
0.10
0.12
0.13
0.16
0.18
0.20
0.21
0.23
0.24
0.24
0.24
0.24
0.23
0.22
0.22
0.21
0.20
0.19
0.18
0.17
0.16
0.15
0.14
0.13
0.13
0.12
0.11
0.09
0.08
0.08
0.08
0.08
0.08
0.09
0.11
0.13
0.14
0.14
0.14
0.14
0.14
0.13
0.13
0.12
0.11
0.11
0.12
0.12
0.12
0.12
0.12
0.12
0.11
0.11
0.10
0.10
0.09
0.09
0.10
0.10
0.12
0.13
0.13
0.13
0.13
0.15
0.15
0.15
0.15
0.15
0.14
0.14
0.13
0.12
0.12
0.11
0.10
0.09
0.09
0.08
0.08
0.07
0.07
0.08
0.08
0.10
0.12
0.14
0.15
0.15
0.15
0.15
0.14
0.15
0.15
0.17
0.18
0.19
0.22
0.23
0.23
0.23
0.23
0.23
0.23
0.25
0.26
0.29
0.31
0.34
0.37
0.40
0.42
0.45
0.48
0.50
0.52
0.55
0.57
0.59
0.60
0.62
0.63
0.65
0.66
0.67
0.69
0.70
0.70
0.71
0.72
0.73
0.73
0.76
0.77
0.78
0.79
0.80
0.82
0.83
0.84
0.86
0.87
0.88
0.88
0.88
0.88
0.89
0.90
0.90
0.90
0.89
0.89
0.88
0.88
0.87
0.85
0.81
0.77
0.73
0.70
0.66
0.64
0.60
0.57
0.55
0.53
0.51
0.50
0.49
0.49
0.48
0.47
0.47
0.47
0.46
0.46
0.45
0.44
0.44
0.44
0.45
0.44
0.42
0.42
0.41
0.40
0.38
0.37
0.36
0.35
0.33
0.31
0.29
0.28
0.27
0.26
0.25
0.23
0.22
0.22
0.23
0.24
0.26
0.27
0.29
0.31
0.32
0.34
0.36
0.37
0.37
0.38
0.38
0.39
0.39
0.39
0.39
0.40
0.39
0.39
0.39
0.39
0.38
0.38
0.38
0.39
0.40
Sampling Rate: 380.00 Hz
0.40
0.41
0.42
0.41
0.41
0.41
0.42
0.42
0.43
0.43
0.44
0.45
0.45
0.46
0.47
0.47
0.48
0.48
0.49
0.49
0.49
0.50
0.50
0.50
0.49
0.48
0.48
0.46
0.43
0.42
0.39
0.38
0.37
0.36
0.36
0.35
0.34
0.33
0.32
0.32
0.32
0.32
0.33
0.33
0.34
0.35
0.36
0.36
0.37
0.38
0.39
0.39
0.40
0.40
0.41
0.41
0.42
0.42
0.43
0.43
0.43
0.44
0.44
0.44
0.44
0.44
0.44
0.46
0.47
0.48
0.48
0.49
0.49
0.49
0.49
0.49
0.48
0.48
0.50
0.50
0.51
0.51
0.52
0.55
0.58
0.59
0.60
0.62
0.65
0.68
0.71
0.74
0.77
0.80
0.81
0.83
0.85
0.87
0.88
0.88
0.87
0.85
0.83
0.81
0.79
0.76
0.74
0.72
0.69
0.67
0.65
0.63
0.61
0.59
0.58
0.57
0.58
0.60
0.61
0.61
0.60
0.61
0.62
0.63
0.63
0.63
0.65
0.65
0.65
0.66
0.65
0.66
0.68
0.68
0.69
0.70
0.72
0.74
0.76
0.78
0.80
0.82
0.86
0.89
0.93
0.96
1.00
1.04
1.09
1.14
1.19
1.24
1.30
1.35
1.40
1.44
1.48
1.52
1.55
1.58
1.61
1.63
1.66
1.68
1.69
1.71
1.72
1.74
1.75
1.76
1.77
1.78
1.78
1.79
1.80
1.80
1.80
1.81
1.81
1.81
1.81
1.81
1.81
1.81
1.81
1.80
1.80
1.78
1.77
1.76
1.74
1.72
1.72
1.72
1.72
1.72
1.72
1.74
1.74
1.76
1.77
1.79
1.82
1.85
1.88
1.91
1.95
1.98
2.01
2.04
2.05
2.06
2.08
2.10
2.12
2.13
2.15
2.16
2.18
2.18
2.18
2.17
2.15
2.12
2.09
2.07
2.05
2.02
2.01
1.99
1.98
1.96
1.93
1.91
1.90
1.88
1.87
1.85
1.83
1.81
1.80
1.78
1.76
1.76
1.74
1.72
1.70
1.69
1.70
1.69
1.67
1.66
1.64
1.63
1.62
1.60
1.58
1.56
1.54
1.52
1.49
1.47
1.45
1.43
1.41
1.39
1.37
1.35
1.32
1.29
1.27
1.25
1.23
1.21
1.20
1.17
1.14
1.11
1.07
1.04
1.02
0.99
0.97
0.96
0.95
0.93
0.91
0.90
0.90
0.88
0.87
0.86
0.86
0.86
0.86
0.86
0.86
0.86
0.87
0.87
0.87
0.88
0.88
0.86
0.84
0.82
0.80
0.77
0.73
0.70
0.66
0.63
0.61
0.58
0.55
0.53
0.52
0.51
0.49
0.48
0.47
0.45
0.43
0.42
0.42
0.43
0.44
0.45
0.47
0.49
0.51
0.51
0.52
0.53
0.54
0.54
0.54
0.55
0.54
0.53
0.52
0.52
0.53
0.53
0.54
0.55
0.57
0.58
0.59
0.60
0.61
0.62
0.63
0.64
0.67
0.68
0.70
0.69
0.69
0.71
0.72
0.74
0.76
0.77
0.77
0.78
0.78
0.78
0.78
0.78
0.78
0.76
0.73
0.71
0.70
0.69
0.68
0.68
0.67
0.66
Sampling Rate: 380.00 Hz
0.64
0.64
0.63
0.61
0.60
0.60
0.59
0.59
0.59
0.58
0.55
0.54
0.53
0.53
0.52
0.51
0.50
0.50
0.49
0.48
0.46
0.43
0.40
0.39
0.36
0.34
0.31
0.28
0.25
0.22
0.19
0.17
0.15
0.13
0.11
0.09
0.07
0.05
0.03
-0.01
-0.04
-0.08
-0.12
-0.16
-0.20
-0.25
-0.28
-0.30
-0.34
-0.36
-0.39
-0.42
-0.46
-0.48
-0.51
-0.52
-0.55
-0.56
-0.57
-0.60
-0.61
-0.61
-0.60
-0.60
-0.58
-0.57
-0.56
-0.54
-0.54
-0.55
-0.55
-0.56
-0.56
-0.56
-0.55
-0.54
-0.53
-0.53
-0.52
-0.52
-0.51
-0.49
-0.48
-0.48
-0.48
-0.47
-0.46
-0.45
-0.42
-0.39
-0.34
-0.31
-0.27
-0.22
-0.18
-0.13
-0.10
-0.06
-0.02
0.02
0.04
0.07
0.10
0.13
0.16
0.20
0.23
0.27
0.33
0.38
0.45
0.49
0.55
0.60
0.64
0.68
0.73
0.78
0.82
0.87
0.91
0.96
0.99
1.02
1.04
1.07
1.10
1.11
1.12
1.12
1.12
1.11
1.09
1.07
1.05
1.03
1.00
0.97
0.93
0.91
0.87
0.82
0.78
0.75
0.71
0.67
0.63
0.61
0.58
0.55
0.54
0.53
0.52
0.53
0.55
0.57
0.59
0.63
0.66
0.72
0.78
0.85
0.91
0.98
1.04
1.11
1.20
1.29
1.39
1.48
1.58
1.68
1.77
1.86
1.92
1.98
2.02
2.05
2.08
2.10
2.12
2.11
2.10
2.07
2.03
1.97
1.90
1.81
1.71
1.61
1.51
1.40
1.29
1.19
1.06
0.95
0.83
0.72
0.62
0.53
0.45
0.37
0.30
0.24
0.18
0.12
0.08
0.06
0.05
0.04
0.04
0.04
0.05
0.07
0.09
0.12
0.16
0.20
0.25
0.29
0.36
0.41
0.47
0.51
0.56
0.60
0.64
0.67
0.70
0.73
0.74
0.74
0.75
0.74
0.73
0.70
0.65
0.60
0.54
0.49
0.44
0.39
0.35
0.29
0.24
0.19
0.14
0.08
0.05
0.03
-0.00
-0.02
-0.03
-0.03
-0.03
-0.01
0.02
0.06
0.11
0.16
0.22
0.28
0.33
0.38
0.43
0.48
0.52
0.55
0.59
0.62
0.64
0.64
0.65
0.66
0.66
0.67
0.66
0.67
0.68
0.67
0.66
0.64
0.62
0.59
0.52
0.45
0.37
0.28
0.18
0.08
-0.02
-0.13
-0.25
-0.38
-0.50
-0.61
-0.70
-0.78
-0.86
-0.92
-0.98
-1.03
-1.08
-1.12
-1.16
-1.20
-1.23
-1.26
-1.29
-1.31
-1.34
-1.36
-1.38
-1.40
-1.41
-1.43
-1.45
-1.48
-1.49
-1.51
-1.53
-1.55
-1.58
-1.60
-1.61
-1.62
-1.62
-1.62
-1.62
-1.62
-1.60
-1.57
-1.53
-1.49
-1.45
-1.40
-1.35
-1.31
-1.26
-1.22
-1.18
-1.15
-1.14
-1.13
-1.14
-1.13
-1.11
-1.09
-1.06
-1.03
-1.02
-1.00
-1.00
-0.98
-0.96
-0.94
-0.92
-0.91
-0.91
-0.90
-0.89
-0.89
-0.90
-0.91
-0.92
-0.94
-0.94
-0.95
-0.96
-0.98
-0.99
-1.01
-1.02
-1.04
-1.05
-1.08
-1.11
-1.13
-1.14
-1.15
Sampling Rate: 380.00 Hz
-1.16
-1.16
-1.14
-1.11
-1.08
-1.05
-1.01
-0.97
-0.94
-0.90
-0.86
-0.83
-0.81
-0.79
-0.77
-0.76
-0.74
-0.72
-0.70
-0.68
-0.67
-0.68
-0.69
-0.69
-0.70
-0.69
-0.68
-0.69
-0.68
-0.68
-0.68
-0.68
-0.69
-0.69
-0.68
-0.67
-0.65
-0.63
-0.61
-0.59
-0.58
-0.57
-0.56
-0.54
-0.52
-0.51
-0.49
-0.47
-0.45
-0.44
-0.42
-0.41
-0.39
-0.39
-0.39
-0.38
-0.38
-0.37
-0.36
-0.35
-0.35
-0.35
-0.35
-0.34
-0.34
-0.33
-0.32
-0.31
-0.30
-0.31
-0.31
-0.31
-0.30
-0.31
-0.32
-0.33
-0.35
-0.36
-0.37
-0.37
-0.38
-0.38
-0.39
-0.41
-0.42
-0.42
-0.42
-0.41
-0.40
-0.40
-0.40
-0.39
-0.38
-0.37
-0.36
-0.35
-0.33
-0.32
-0.32
-0.32
-0.31
-0.31
-0.30
-0.29
-0.28
-0.27
-0.27
-0.27
-0.28
-0.30
-0.33
-0.36
-0.37
-0.38
-0.38
-0.37
-0.38
-0.38
-0.37
-0.38
-0.38
-0.38
-0.40
-0.41
-0.40
-0.40
-0.39
-0.37
-0.36
-0.34
-0.33
-0.31
-0.30
-0.30
-0.29
-0.28
-0.29
-0.29
-0.28
-0.28
-0.27
-0.27
-0.29
-0.29
-0.29
-0.30
-0.30
-0.30
-0.30
-0.29
-0.27
-0.26
-0.25
-0.24
-0.22
-0.21
-0.20
-0.20
-0.20
-0.20
-0.19
-0.19
-0.18
-0.17
-0.16
-0.15
-0.13
-0.09
-0.07
-0.05
-0.04
-0.03
-0.02
-0.01
-0.01
-0.00
-0.00
-0.00
0.00
0.00
0.00
0.02
0.03
0.04
0.04
0.04
0.04
0.06
0.08
0.11
0.15
0.17
0.20
0.23
0.25
0.27
0.30
0.34
0.38
0.42
0.45
0.48
0.51
0.54
0.56
0.58
0.61
0.62
0.64
0.66
0.67
0.70
0.72
0.74
0.76
0.77
0.76
0.76
0.76
0.76
0.75
0.73
0.71
0.70
0.69
0.66
0.63
0.58
0.52
0.45
0.38
0.29
0.21
0.13
0.06
-0.01
-0.09
-0.17
-0.25
-0.33
-0.41
-0.50
-0.58
-0.66
-0.74
-0.81
-0.90
-0.97
-1.04
-1.10
-1.16
-1.21
-1.24
-1.26
-1.28
-1.29
-1.28
-1.25
-1.21
-1.15
-1.07
-0.96
-0.85
-0.72
-0.59
-0.46
-0.33
-0.20
-0.06
0.08
0.23
0.37
0.51
0.64
0.77
0.90
1.01
1.12
1.23
1.31
1.37
1.43
1.47
1.49
1.49
1.49
1.47
1.43
1.38
1.32
1.26
1.17
1.08
0.98
0.87
0.77
0.67
0.55
0.43
0.32
0.20
0.10
0.01
-0.08
-0.16
-0.24
-0.30
-0.36
-0.41
-0.45
-0.50
-0.52
-0.53
-0.51
-0.48
-0.44
-0.39
-0.32
-0.23
-0.14
-0.05
0.05
0.14
0.24
0.32
0.41
0.49
0.57
0.64
0.70
0.74
0.76
0.78
0.80
0.79
0.77
0.75
0.71
0.67
0.63
0.59
0.55
0.51
0.47
0.42
0.37
0.31
0.25
0.18
0.13
0.07
0.02
-0.03
-0.08
-0.13
-0.16
-0.20
-0.25
-0.28
-0.29
-0.30
-0.29
-0.27
-0.24
-0.18
-0.13
-0.07
-0.01
0.07
0.14
0.22
0.32
0.41
0.49
0.57
0.64
0.71
0.76
0.79
0.81
Sampling Rate: 380.00 Hz
0.83
0.83
0.82
0.81
0.79
0.76
0.72
0.67
0.63
0.59
0.54
0.50
0.45
0.41
0.37
0.34
0.30
0.27
0.22
0.16
0.12
0.08
0.05
0.02
-0.00
-0.02
-0.04
-0.05
-0.05
-0.04
-0.02
0.01
0.04
0.08
0.12
0.16
0.21
0.26
0.31
0.37
0.43
0.50
0.58
0.64
0.70
0.76
0.82
0.87
0.90
0.93
0.96
1.00
1.03
1.06
1.09
1.12
1.14
1.17
1.19
1.21
1.23
1.25
1.27
1.28
1.28
1.27
1.26
1.26
1.26
1.27
1.27
1.28
1.29
1.30
1.30
1.31
1.33
1.36
1.38
1.42
1.45
1.49
1.53
1.57
1.61
1.65
1.69
1.72
1.75
1.80
1.84
1.87
1.90
1.93
1.95
1.97
1.97
1.96
1.94
1.91
1.88
1.85
1.82
1.79
1.75
1.72
1.69
1.65
1.62
1.60
1.58
1.57
1.55
1.53
1.51
1.48
1.46
1.44
1.42
1.41
1.42
1.43
1.45
1.47
1.50
1.52
1.53
1.54
1.55
1.57
1.59
1.61
1.62
1.64
1.65
1.67
1.68
1.69
1.71
1.72
1.73
1.73
1.74
1.75
1.74
1.73
1.73
1.73
1.73
1.71
1.69
1.66
1.62
1.58
1.54
1.50
1.46
1.42
1.40
1.39
1.39
1.39
1.40
1.41
1.42
1.44
1.47
1.50
1.54
1.57
1.59
1.62
1.64
1.66
1.67
1.69
1.71
1.73
1.74
1.76
1.77
1.77
1.77
1.76
1.75
1.74
1.73
1.72
1.71
1.70
1.68
1.67
1.66
1.65
1.63
1.62
1.59
1.57
1.55
1.54
1.51
1.47
1.43
1.39
1.34
1.30
1.27
1.23
1.19
1.14
1.10
1.06
1.02
0.99
0.96
0.96
0.95
0.96
0.97
0.97
0.97
0.98
0.99
1.00
1.01
1.02
1.04
1.05
1.06
1.07
1.08
1.09
1.10
1.11
1.12
1.13
1.15
1.16
1.17
1.17
1.16
1.16
1.14
1.13
1.12
1.10
1.09
1.08
1.08
1.06
1.04
1.02
1.01
1.00
1.00
1.00
0.99
0.98
0.96
0.95
0.93
0.91
0.88
0.84
0.82
0.81
0.81
0.81
0.82
0.83
0.83
0.84
0.85
0.87
0.88
0.88
0.89
0.90
0.91
0.92
0.92
0.93
0.94
0.94
0.94
0.95
0.95
0.95
0.96
0.94
0.93
0.93
0.91
0.88
0.85
0.81
0.77
0.73
0.69
0.66
0.62
0.58
0.53
0.49
0.45
0.42
0.37
0.32
0.26
0.21
0.18
0.15
0.13
0.11
0.10
0.09
0.08
0.07
0.06
0.06
0.05
0.05
0.04
0.04
0.03
0.03
0.03
0.03
0.02
0.02
0.02
0.02
0.02
0.01
-0.00
-0.03
-0.05
-0.07
-0.11
-0.14
-0.18
-0.21
-0.24
-0.27
-0.30
-0.33
-0.36
-0.40
-0.43
-0.46
-0.49
-0.51
-0.54
-0.58
-0.61
-0.63
-0.66
-0.68
-0.70
-0.71
-0.74
-0.76
-0.78
-0.79
-0.80
-0.81
-0.82
-0.82
-0.83
-0.81
-0.81
-0.80
-0.80
-0.80
-0.80
-0.80
-0.80
-0.80
-0.80
-0.80
Sampling Rate: 380.00 Hz
-0.80
-0.81
-0.82
-0.83
-0.83
-0.84
-0.84
-0.84
-0.83
-0.83
-0.83
-0.83
-0.82
-0.82
-0.82
-0.81
-0.81
-0.80
-0.80
-0.78
-0.75
-0.73
-0.70
-0.67
-0.64
-0.63
-0.60
-0.57
-0.55
-0.52
-0.49
-0.46
-0.43
-0.39
-0.36
-0.32
-0.29
-0.26
-0.23
-0.20
-0.17
-0.15
-0.14
-0.13
-0.11
-0.09
-0.09
-0.09
-0.09
-0.09
-0.08
-0.09
-0.09
-0.08
-0.07
-0.07
-0.09
-0.10
-0.11
-0.13
-0.14
-0.17
-0.19
-0.22
-0.24
-0.26
-0.29
-0.33
-0.36
-0.39
-0.41
-0.43
-0.45
-0.47
-0.48
-0.49
-0.49
-0.47
-0.45
-0.44
-0.43
-0.42
-0.41
-0.39
-0.37
-0.34
-0.32
-0.29
-0.25
-0.22
-0.19
-0.17
-0.12
-0.07
-0.03
0.01
0.04
0.06
0.10
0.14
0.17
0.20
0.22
0.23
0.24
0.25
0.26
0.26
0.27
0.27
0.27
0.27
0.27
0.27
0.27
0.27
0.28
0.28
0.27
0.26
0.23
0.20
0.18
0.15
0.12
0.10
0.07
0.04
0.00
-0.03
-0.06
-0.10
-0.13
-0.15
-0.17
-0.19
-0.20
-0.21
-0.23
-0.24
-0.25
-0.24
-0.25
-0.25
-0.27
-0.27
-0.26
-0.26
-0.25
-0.25
-0.25
-0.25
-0.24
-0.24
-0.24
-0.25
-0.25
-0.24
-0.22
-0.20
-0.18
-0.16
-0.14
-0.11
-0.09
-0.07
-0.04
-0.04
-0.04
-0.04
-0.05
-0.07
-0.09
-0.11
-0.12
-0.12
-0.11
-0.11
-0.11
-0.10
-0.10
-0.11
-0.11
-0.10
-0.09
-0.08
-0.05
-0.02
0.01
0.03
0.05
0.07
0.08
0.10
0.10
0.10
0.11
0.11
0.12
0.13
0.14
0.15
0.15
0.16
0.17
0.18
0.17
0.15
0.13
0.11
0.09
0.06
0.03
-0.00
-0.04
-0.07
-0.10
-0.15
-0.19
-0.22
-0.25
-0.30
-0.33
-0.36
-0.39
-0.41
-0.43
-0.44
-0.46
-0.47
-0.48
-0.50
-0.52
-0.54
-0.55
-0.56
-0.56
-0.57
-0.57
-0.57
-0.57
-0.58
-0.58
-0.56
-0.55
-0.55
-0.54
-0.54
-0.54
-0.54
-0.53
-0.53
-0.53
-0.53
-0.54
-0.54
-0.54
-0.52
-0.51
-0.50
-0.50
-0.50
-0.49
-0.49
-0.49
-0.49
-0.48
-0.47
-0.46
-0.46
-0.44
-0.42
-0.39
-0.35
-0.31
-0.27
-0.22
-0.17
-0.13
-0.09
-0.05
-0.04
-0.03
-0.02
-0.00
0.01
0.02
0.03
0.02
0.01
0.01
0.02
0.03
0.05
0.06
0.06
0.06
0.04
0.04
0.03
0.01
0.00
-0.01
-0.01
-0.00
-0.01
-0.00
0.01
0.01
0.01
0.01
0.01
0.01
-0.01
-0.01
-0.00
0.01
0.02
0.04
0.06
0.08
0.08
0.09
0.08
0.09
0.08
0.08
0.08
0.09
0.09
0.08
0.08
0.08
0.09
0.08
0.07
0.05
0.03
0.02
0.01
0.00
-0.01
-0.01
-0.00
0.01
0.01
0.01
0.01
0.01
0.02
0.04
0.05
0.07
0.08
0.10
0.12
0.14
0.15
0.15
0.16
0.16
0.17
0.18
0.19
0.21
0.20
0.20
0.21
0.21
0.22
0.21
0.21
0.20
0.19
0.17
0.17
0.16
0.15
0.13
0.11
Sampling Rate: 380.00 Hz
0.08
0.05
0.02
-0.01
-0.04
-0.07
-0.10
-0.11
-0.12
-0.14
-0.14
-0.14
-0.12
-0.12
-0.11
-0.09
-0.09
-0.08
-0.06
-0.05
-0.04
-0.03
-0.02
0.00
0.02
0.04
0.06
0.06
0.07
0.08
0.09
0.11
0.11
0.10
0.08
0.06
0.03
0.01
-0.02
-0.05
-0.08
-0.10
-0.13
-0.15
-0.18
-0.20
-0.23
-0.28
-0.33
-0.37
-0.41
-0.44
-0.47
-0.48
-0.50
-0.51
-0.51
-0.52
-0.52
-0.52
-0.52
-0.52
-0.52
-0.52
-0.52
-0.51
-0.51
-0.51
-0.49
-0.48
-0.47
-0.47
-0.46
-0.46
-0.46
-0.45
-0.45
-0.45
-0.45
-0.45
-0.45
-0.45
-0.45
-0.45
-0.45
-0.46
-0.47
-0.48
-0.48
-0.50
-0.52
-0.54
-0.55
-0.55
-0.55
-0.57
-0.57
-0.59
-0.61
-0.64
-0.67
-0.71
-0.74
-0.77
-0.80
-0.83
-0.86
-0.89
-0.91
-0.94
-0.96
-0.98
-1.00
-1.02
-1.03
-1.05
-1.06
-1.07
-1.08
-1.09
-1.10
-1.11
-1.12
-1.13
-1.13
-1.14
-1.14
-1.15
-1.15
-1.17
-1.20
-1.23
-1.25
-1.28
-1.32
-1.35
-1.39
-1.41
-1.42
-1.44
-1.44
-1.44
-1.44
-1.43
-1.41
-1.40
-1.40
-1.39
-1.38
-1.37
-1.36
-1.34
-1.33
-1.31
-1.29
-1.28
-1.26
-1.25
-1.23
-1.22
-1.20
-1.21
-1.20
-1.20
-1.21
-1.21
-1.20
-1.20
-1.19
-1.18
-1.17
-1.17
-1.18
-1.20
-1.23
-1.25
-1.28
-1.29
-1.31
-1.32
-1.33
-1.33
-1.32
-1.32
-1.33
-1.35
-1.36
-1.36
-1.37
-1.38
-1.38
-1.37
-1.35
-1.33
-1.31
-1.28
-1.26
-1.23
-1.21
-1.18
-1.15
-1.13
-1.11
-1.08
-1.08
-1.07
-1.05
-1.04
-1.02
-1.02
-1.02
-1.02
-1.02
-1.02
-1.01
-0.99
-0.98
-0.96
-0.95
-0.93
-0.92
-0.90
-0.89
-0.89
-0.89
-0.88
-0.87
-0.86
-0.85
-0.84
-0.83
-0.82
-0.82
-0.83
-0.84
-0.84
-0.84
-0.83
-0.82
-0.81
-0.80
-0.79
-0.79
-0.79
-0.80
-0.81
-0.80
-0.80
-0.79
-0.80
-0.80
-0.79
-0.77
-0.75
-0.73
-0.72
-0.70
-0.71
-0.70
-0.71
-0.73
-0.74
-0.76
-0.77
-0.77
-0.77
-0.76
-0.75
-0.76
-0.77
-0.77
-0.77
-0.78
-0.80
-0.82
-0.83
-0.83
-0.83
-0.85
-0.85
-0.85
-0.85
-0.85
-0.84
-0.83
-0.81
-0.79
-0.76
-0.73
-0.70
-0.68
-0.66
-0.64
-0.62
-0.61
-0.59
-0.58
-0.58
-0.58
-0.57
-0.57
-0.58
-0.59
-0.60
-0.60
-0.60
-0.61
-0.63
-0.63
-0.63
-0.63
-0.62
-0.61
-0.60
-0.59
-0.56
-0.54
-0.52
-0.50
-0.48
-0.47
-0.46
-0.45
-0.44
-0.43
-0.42
-0.41
-0.39
-0.38
-0.35
-0.31
-0.27
-0.23
-0.19
-0.16
-0.14
-0.11
-0.10
-0.09
-0.08
-0.05
-0.04
-0.04
-0.04
-0.04
-0.05
-0.06
-0.07
-0.08
-0.09
-0.10
-0.11
-0.12
-0.14
-0.14
-0.15
-0.16
-0.17
-0.19
-0.21
-0.22
-0.23
-0.24
-0.25
-0.24
-0.23
-0.21
-0.19
-0.15
-0.13
-0.12
-0.11
-0.10
-0.07
-0.05
-0.01
0.02
0.05
0.08
0.10
Sampling Rate: 380.00 Hz
0.12
0.15
0.17
0.18
0.19
0.21
0.23
0.25
0.27
0.29
0.31
0.33
0.33
0.32
0.32
0.33
0.32
0.32
0.31
0.29
0.27
0.25
0.22
0.19
0.17
0.14
0.11
0.09
0.06
0.04
0.03
0.02
0.03
0.04
0.05
0.06
0.07
0.09
0.11
0.14
0.17
0.21
0.25
0.31
0.36
0.42
0.48
0.52
0.56
0.59
0.62
0.64
0.65
0.66
0.66
0.66
0.66
0.66
0.65
0.65
0.63
0.60
0.56
0.52
0.48
0.43
0.39
0.35
0.32
0.29
0.26
0.22
0.19
0.17
0.15
0.14
0.14
0.13
0.12
0.11
0.12
0.13
0.14
0.16
0.17
0.19
0.21
0.23
0.25
0.26
0.28
0.29
0.31
0.32
0.33
0.33
0.32
0.31
0.29
0.27
0.24
0.21
0.18
0.15
0.12
0.09
0.06
0.03
-0.01
-0.07
-0.11
-0.14
-0.17
-0.21
-0.24
-0.28
-0.31
-0.33
-0.36
-0.39
-0.40
-0.41
-0.42
-0.43
-0.43
-0.45
-0.46
-0.48
-0.49
-0.51
-0.53
-0.53
-0.54
-0.54
-0.53
-0.53
-0.54
-0.55
-0.58
-0.61
-0.64
-0.67
-0.70
-0.73
-0.77
-0.79
-0.82
-0.85
-0.87
-0.88
-0.88
-0.88
-0.88
-0.88
-0.88
-0.88
-0.86
-0.85
-0.84
-0.82
-0.80
-0.78
-0.76
-0.73
-0.71
-0.68
-0.67
-0.66
-0.64
-0.63
-0.61
-0.60
-0.61
-0.61
-0.61
-0.61
-0.62
-0.65
-0.68
-0.72
-0.76
-0.79
-0.82
-0.84
-0.88
-0.92
-0.96
-0.98
-1.00
-1.02
-1.05
-1.08
-1.12
-1.16
-1.19
-1.22
-1.24
-1.25
-1.27
-1.28
-1.29
-1.30
-1.30
-1.30
-1.29
-1.29
-1.27
-1.26
-1.25
-1.24
-1.22
-1.21
-1.18
-1.15
-1.13
-1.10
-1.06
-1.02
-0.97
-0.92
-0.87
-0.82
-0.79
-0.77
-0.74
-0.72
-0.71
-0.71
-0.71
-0.72
-0.71
-0.69
-0.68
-0.67
-0.67
-0.68
-0.68
-0.68
-0.67
-0.68
-0.69
-0.71
-0.72
-0.74
-0.75
-0.75
-0.76
-0.77
-0.77
-0.78
-0.77
-0.76
-0.74
-0.73
-0.71
-0.68
-0.65
-0.61
-0.57
-0.54
-0.48
-0.44
-0.40
-0.36
-0.32
-0.29
-0.26
-0.24
-0.21
-0.19
-0.17
-0.15
-0.14
-0.15
-0.15
-0.15
-0.14
-0.14
-0.16
-0.18
-0.22
-0.25
-0.29
-0.34
-0.39
-0.44
-0.47
-0.50
-0.53
-0.55
-0.57
-0.59
-0.60
-0.61
-0.62
-0.63
-0.63
-0.61
-0.58
-0.55
-0.52
-0.48
-0.45
-0.41
-0.38
-0.33
-0.28
-0.25
-0.21
-0.18
-0.15
-0.11
-0.08
-0.05
-0.03
0.01
0.05
0.10
0.15
0.20
0.25
0.29
0.31
0.32
0.33
0.32
0.31
0.30
0.29
0.28
0.28
0.27
0.28
0.27
0.26
0.25
0.25
0.24
0.24
0.23
0.23
0.22
0.22
0.22
0.21
0.21
0.21
0.21
0.20
0.22
0.24
0.27
0.29
0.31
0.33
0.34
0.34
0.36
0.36
0.36
0.38
0.38
0.38
0.38
0.37
0.36
0.35
0.33
0.30
0.29
0.27
0.26
0.25
0.24
0.23
0.21
0.17
0.14
0.09
0.05
Sampling Rate: 380.00 Hz
0.00
-0.04
-0.08
-0.13
-0.17
-0.20
-0.24
-0.28
-0.29
-0.31
-0.32
-0.32
-0.31
-0.29
-0.28
-0.26
-0.24
-0.22
-0.20
-0.19
-0.19
-0.17
-0.16
-0.15
-0.13
-0.12
-0.10
-0.09
-0.09
-0.10
-0.10
-0.10
-0.10
-0.09
-0.08
-0.08
-0.08
-0.09
-0.11
-0.14
-0.15
-0.17
-0.19
-0.20
-0.21
-0.24
-0.26
-0.28
-0.31
-0.33
-0.34
-0.35
-0.35
-0.36
-0.37
-0.38
-0.40
-0.42
-0.43
-0.45
-0.45
-0.46
-0.46
-0.46
-0.46
-0.46
-0.46
-0.46
-0.44
-0.43
-0.40
-0.38
-0.35
-0.32
-0.30
-0.30
-0.30
-0.30
-0.29
-0.27
-0.26
-0.27
-0.28
-0.29
-0.31
-0.32
-0.34
-0.36
-0.38
-0.40
-0.41
-0.43
-0.46
-0.50
-0.55
-0.58
-0.62
-0.67
-0.71
-0.74
-0.76
-0.77
-0.78
-0.78
-0.78
-0.78
-0.79
-0.79
-0.80
-0.78
-0.76
-0.75
-0.74
-0.71
-0.68
-0.65
-0.62
-0.58
-0.54
-0.49
-0.45
-0.40
-0.36
-0.32
-0.28
-0.24
-0.19
-0.15
-0.09
-0.03
0.02
0.07
0.13
0.19
0.25
0.29
0.32
0.34
0.36
0.38
0.40
0.41
0.43
0.46
0.49
0.52
0.58
0.64
0.70
0.79
0.87
0.97
1.07
1.18
1.30
1.42
1.55
1.69
1.84
2.00
2.15
2.32
2.49
2.67
2.84
3.00
3.16
3.30
3.42
3.53
3.62
3.70
3.77
3.82
3.85
3.87
3.87
3.85
3.81
3.75
3.66
3.55
3.43
3.29
3.13
2.94
2.72
2.47
2.21
1.93
1.62
1.29
0.95
0.60
0.26
-0.10
-0.45
-0.79
-1.11
-1.41
-1.69
-1.94
-2.16
-2.36
-2.52
-2.64
-2.71
-2.75
-2.76
-2.76
-2.73
-2.66
-2.57
-2.45
-2.30
-2.12
-1.91
-1.66
-1.39
-1.08
-0.76
-0.42
-0.05
0.32
0.69
1.06
1.40
1.74
2.06
2.35
2.61
2.83
3.02
3.16
3.28
3.38
3.45
3.51
3.53
3.53
3.50
3.44
3.37
3.28
3.17
3.04
2.89
2.72
2.52
2.30
2.06
1.81
1.54
1.25
0.97
0.67
0.37
0.07
-0.22
-0.50
-0.78
-1.03
-1.26
-1.48
-1.68
-1.86
-2.00
-2.12
-2.20
-2.26
-2.28
-2.26
-2.23
-2.18
-2.09
-1.99
-1.85
-1.70
-1.53
-1.34
-1.14
-0.94
-0.74
-0.54
-0.32
-0.11
0.09
0.30
0.49
0.66
0.81
0.94
1.06
1.17
1.26
1.32
1.35
1.38
1.39
1.39
1.37
1.35
1.30
1.25
1.18
1.12
1.03
0.93
0.83
0.72
0.62
0.51
0.41
0.31
0.20
0.10
0.01
-0.06
-0.13
-0.19
-0.25
-0.31
-0.36
-0.38
-0.40
-0.40
-0.38
-0.33
-0.27
-0.20
-0.12
-0.02
0.09
0.21
0.33
0.45
0.56
0.69
0.81
0.92
1.02
1.11
1.19
1.24
1.29
1.32
1.35
1.37
1.38
1.40
1.39
1.37
1.35
1.32
1.28
1.23
1.18
1.13
1.09
1.05
1.02
0.98
0.96
0.96
0.95
0.93
0.93
0.92
0.92
0.93
0.94
0.95
0.99
1.03
1.08
1.14
1.19
1.27
1.35
1.42
Sampling Rate: 380.00 Hz
1.50
1.58
1.66
1.74
1.82
1.90
1.98
2.04
2.11
2.17
2.22
2.24
2.28
2.30
2.31
2.31
2.31
2.30
2.30
2.27
2.25
2.22
2.17
2.13
2.08
2.01
1.95
1.89
1.83
1.78
1.72
1.65
1.58
1.52
1.45
1.39
1.34
1.29
1.25
1.21
1.17
1.13
1.11
1.08
1.07
1.05
1.04
1.03
1.02
1.03
1.05
1.06
1.08
1.10
1.13
1.16
1.20
1.23
1.26
1.29
1.32
1.35
1.38
1.40
1.41
1.42
1.42
1.41
1.39
1.37
1.34
1.31
1.29
1.26
1.23
1.20
1.16
1.13
1.08
1.03
0.97
0.93
0.88
0.83
0.79
0.76
0.72
0.70
0.68
0.67
0.65
0.63
0.62
0.60
0.59
0.58
0.58
0.58
0.58
0.58
0.59
0.59
0.59
0.60
0.60
0.60
0.61
0.61
0.61
0.62
0.60
0.60
0.58
0.55
0.52
0.49
0.47
0.43
0.42
0.39
0.38
0.37
0.36
0.35
0.35
0.36
0.36
0.37
0.38
0.39
0.39
0.39
0.40
0.39
0.38
0.37
0.37
0.37
0.35
0.35
0.35
0.36
0.36
0.36
0.36
0.36
0.35
0.35
0.33
0.31
0.30
0.29
0.28
0.28
0.28
0.29
0.30
0.30
0.30
0.31
0.30
0.28
0.26
0.25
0.23
0.21
0.19
0.16
0.13
0.11
0.08
0.07
0.06
0.04
0.02
-0.00
-0.02
-0.04
-0.06
-0.08
-0.09
-0.11
-0.13
-0.14
-0.15
-0.17
-0.18
-0.19
-0.20
-0.21
-0.22
-0.23
-0.24
-0.25
-0.25
-0.24
-0.22
-0.21
-0.21
-0.21
-0.19
-0.17
-0.14
-0.11
-0.08
-0.04
-0.01
0.03
0.07
0.12
0.17
0.23
0.29
0.35
0.41
0.47
0.52
0.57
0.61
0.66
0.71
0.75
0.78
0.81
0.84
0.88
0.91
0.93
0.93
0.93
0.92
0.90
0.89
0.87
0.84
0.79
0.74
0.69
0.61
0.53
0.44
0.33
0.22
0.09
-0.02
-0.13
-0.25
-0.36
-0.49
-0.62
-0.76
-0.89
-1.04
-1.19
-1.35
-1.50
-1.65
-1.79
-1.93
-2.06
-2.19
-2.30
-2.40
-2.49
-2.58
-2.65
-2.71
-2.75
-2.77
-2.77
-2.76
-2.73
-2.68
-2.62
-2.55
-2.48
-2.39
-2.29
-2.17
-2.04
-1.90
-1.76
-1.60
-1.45
-1.29
-1.13
-0.96
-0.79
-0.63
-0.48
-0.34
-0.22
-0.12
-0.03
0.03
0.07
0.09
0.11
0.10
0.08
0.04
-0.01
-0.08
-0.18
-0.27
-0.38
-0.50
-0.62
-0.74
-0.87
-1.01
-1.15
-1.29
-1.43
-1.57
-1.70
-1.82
-1.94
-2.03
-2.11
-2.19
-2.26
-2.31
-2.35
-2.37
-2.38
-2.37
-2.35
-2.32
-2.27
-2.21
-2.13
-2.03
-1.93
-1.82
-1.72
-1.60
-1.47
-1.33
-1.20
-1.07
-0.95
-0.86
-0.75
-0.67
-0.59
-0.52
-0.48
-0.45
-0.44
-0.43
-0.43
-0.43
-0.44
-0.46
-0.50
-0.54
-0.60
-0.66
-0.73
-0.81
-0.88
-0.94
-1.01
-1.06
-1.11
-1.15
-1.18
-1.21
-1.24
-1.25
-1.24
-1.24
-1.25
-1.26
-1.25
-1.24
-1.21
-1.19
-1.16
Sampling Rate: 380.00 Hz
-1.13
-1.10
-1.07
-1.04
-1.01
-0.96
-0.93
-0.88
-0.82
-0.76
-0.72
-0.67
-0.62
-0.58
-0.53
-0.50
-0.46
-0.44
-0.42
-0.40
-0.38
-0.37
-0.36
-0.36
-0.36
-0.36
-0.37
-0.39
-0.40
-0.41
-0.44
-0.47
-0.49
-0.51
-0.53
-0.56
-0.58
-0.61
-0.63
-0.64
-0.65
-0.68
-0.69
-0.71
-0.72
-0.74
-0.76
-0.78
-0.81
-0.82
-0.84
-0.84
-0.85
-0.87
-0.89
-0.91
-0.93
-0.95
-0.97
-1.00
-1.04
-1.09
-1.13
-1.16
-1.20
-1.24
-1.28
-1.31
-1.35
-1.39
-1.42
-1.46
-1.50
-1.52
-1.55
-1.57
-1.60
-1.63
-1.66
-1.68
-1.70
-1.73
-1.75
-1.77
-1.79
-1.79
-1.79
-1.80
-1.81
-1.82
-1.83
-1.83
-1.84
-1.85
-1.84
-1.84
-1.82
-1.80
-1.77
-1.73
-1.70
-1.66
-1.62
-1.58
-1.55
-1.51
-1.48
-1.46
-1.44
-1.43
-1.42
-1.40
-1.38
-1.35
-1.33
-1.31
-1.28
-1.26
-1.24
-1.21
-1.19
-1.17
-1.15
-1.15
-1.14
-1.13
-1.12
-1.10
-1.09
-1.09
-1.08
-1.08
-1.07
-1.05
-1.04
-1.03
-1.02
-1.00
-0.99
-0.98
-0.96
-0.95
-0.94
-0.93
-0.92
-0.90
-0.88
-0.86
-0.84
-0.83
-0.80
-0.78
-0.77
-0.75
-0.75
-0.74
-0.73
-0.73
-0.72
-0.72
-0.72
-0.72
-0.73
-0.74
-0.74
-0.74
-0.74
-0.74
-0.74
-0.73
-0.73
-0.73
-0.72
-0.72
-0.71
-0.71
-0.72
-0.73
-0.74
-0.75
-0.77
-0.79
-0.79
-0.81
-0.81
-0.81
-0.81
-0.81
-0.80
-0.79
-0.78
-0.77
-0.76
-0.73
-0.70
-0.67
-0.65
-0.62
-0.58
-0.54
-0.49
-0.46
-0.43
-0.39
-0.37
-0.34
-0.31
-0.27
-0.25
-0.24
-0.23
-0.21
-0.18
-0.15
-0.13
-0.10
-0.07
-0.04
-0.02
0.01
0.03
0.05
0.07
0.09
0.11
0.13
0.16
0.19
0.21
0.23
0.26
0.28
0.30
0.31
0.34
0.37
0.41
0.45
0.51
0.56
0.63
0.70
0.77
0.85
0.92
0.99
1.06
1.13
1.20
1.26
1.31
1.37
1.42
1.46
1.51
1.55
1.59
1.62
1.65
1.68
1.71
1.73
1.76
1.78
1.80
1.81
1.83
1.84
1.85
1.87
1.88
1.87
1.87
1.85
1.83
1.80
1.78
1.75
1.72
1.69
1.64
1.59
1.54
1.47
1.40
1.33
1.26
1.19
1.11
1.03
0.96
0.88
0.81
0.75
0.68
0.62
0.55
0.48
0.40
0.33
0.26
0.19
0.12
0.04
-0.05
-0.14
-0.21
-0.29
-0.36
-0.42
-0.46
-0.50
-0.54
-0.57
-0.60
-0.62
-0.64
-0.65
-0.64
-0.62
-0.60
-0.57
-0.55
-0.52
-0.49
-0.46
-0.43
-0.40
-0.37
-0.35
-0.32
-0.30
-0.28
-0.26
-0.24
-0.22
-0.20
-0.19
-0.17
-0.16
-0.14
-0.13
-0.12
-0.11
-0.09
-0.08
-0.08
-0.07
-0.04
-0.03
0.00
0.04
0.08
0.12
0.17
0.21
0.27
0.34
0.40
0.45
0.49
0.53
0.56
0.59
0.63
0.67
0.71
0.76
0.82
0.87
0.92
0.96
0.99
1.00
1.03
1.05
1.05
1.06
1.06
1.05
Sampling Rate: 380.00 Hz
1.05
1.04
1.02
1.00
0.97
0.93
0.89
0.85
0.80
0.75
0.70
0.66
0.60
0.55
0.50
0.46
0.42
0.38
0.35
0.32
0.29
0.28
0.27
0.26
0.27
0.29
0.31
0.33
0.35
0.39
0.44
0.50
0.55
0.62
0.68
0.73
0.81
0.87
0.93
1.00
1.06
1.13
1.18
1.25
1.31
1.38
1.45
1.50
1.53
1.56
1.57
1.57
1.57
1.56
1.54
1.51
1.47
1.42
1.36
1.30
1.25
1.19
1.12
1.05
0.99
0.93
0.88
0.83
0.79
0.76
0.72
0.69
0.66
0.65
0.63
0.62
0.63
0.64
0.65
0.66
0.68
0.71
0.74
0.78
0.83
0.87
0.92
0.97
1.03
1.08
1.12
1.15
1.18
1.19
1.20
1.19
1.18
1.16
1.12
1.06
1.00
0.93
0.86
0.79
0.72
0.65
0.58
0.50
0.43
0.37
0.29
0.23
0.17
0.12
0.08
0.04
-0.00
-0.02
-0.03
-0.02
-0.01
0.00
0.04
0.08
0.13
0.19
0.25
0.31
0.38
0.47
0.55
0.64
0.73
0.83
0.93
1.02
1.10
1.19
1.27
1.34
1.41
1.47
1.52
1.57
1.60
1.61
1.62
1.61
1.59
1.57
1.53
1.49
1.44
1.37
1.28
1.19
1.10
1.01
0.90
0.78
0.68
0.57
0.45
0.34
0.23
0.12
0.02
-0.06
-0.13
-0.19
-0.24
-0.26
-0.27
-0.28
-0.30
-0.30
-0.29
-0.28
-0.26
-0.24
-0.21
-0.17
-0.14
-0.09
-0.04
0.02
0.08
0.14
0.20
0.26
0.31
0.37
0.42
0.46
0.51
0.55
0.59
0.63
0.65
0.66
0.67
0.67
0.67
0.65
0.64
0.62
0.59
0.56
0.52
0.47
0.41
0.36
0.30
0.24
0.19
0.14
0.08
0.02
-0.05
-0.11
-0.17
-0.21
-0.27
-0.31
-0.37
-0.43
-0.49
-0.53
-0.57
-0.59
-0.63
-0.67
-0.70
-0.72
-0.73
-0.74
-0.74
-0.75
-0.75
-0.74
-0.76
-0.76
-0.77
-0.77
-0.76
-0.75
-0.73
-0.70
-0.67
-0.63
-0.58
-0.54
-0.49
-0.43
-0.36
-0.29
-0.23
-0.18
-0.12
-0.05
0.01
0.08
0.14
0.21
0.27
0.33
0.38
0.44
0.48
0.53
0.58
0.62
0.65
0.69
0.72
0.75
0.78
0.81
0.82
0.83
0.85
0.86
0.86
0.85
0.84
0.81
0.79
0.76
0.74
0.71
0.68
0.65
0.63
0.60
0.58
0.55
0.53
0.51
0.49
0.47
0.46
0.44
0.44
0.43
0.43
0.42
0.42
0.44
0.44
0.46
0.48
0.50
0.53
0.56
0.58
0.61
0.64
0.67
0.69
0.71
0.74
0.76
0.78
0.79
0.81
0.83
0.84
0.85
0.85
0.85
0.86
0.86
0.85
0.85
0.85
0.84
0.81
0.80
0.78
0.76
0.73
0.70
0.66
0.63
0.60
0.57
0.54
0.51
0.48
0.45
0.44
0.43
0.41
0.39
0.37
0.36
0.34
0.32
0.32
0.33
0.33
0.34
0.36
0.38
0.40
0.43
0.46
0.48
0.51
0.53
0.56
0.58
0.60
0.64
0.67
0.69
0.71
0.73
0.74
0.76
Sampling Rate: 380.00 Hz
0.77
0.78
0.79
0.79
0.80
0.81
0.80
0.78
0.75
0.71
0.68
0.64
0.60
0.57
0.53
0.49
0.46
0.41
0.37
0.33
0.30
0.27
0.24
0.22
0.20
0.18
0.16
0.14
0.13
0.11
0.10
0.10
0.10
0.11
0.13
0.14
0.16
0.17
0.17
0.17
0.16
0.17
0.17
0.16
0.15
0.16
0.16
0.15
0.16
0.16
0.16
0.17
0.17
0.18
0.18
0.18
0.17
0.17
0.15
0.14
0.13
0.12
0.10
0.09
0.08
0.07
0.07
0.07
0.07
0.06
0.07
0.07
0.07
0.07
0.06
0.06
0.05
0.04
0.05
0.05
0.05
0.06
0.06
0.06
0.08
0.08
0.08
0.08
0.07
0.07
0.06
0.05
0.04
0.03
0.02
0.00
-0.02
-0.03
-0.04
-0.07
-0.09
-0.10
-0.13
-0.16
-0.18
-0.21
-0.23
-0.25
-0.29
-0.32
-0.34
-0.35
-0.37
-0.38
-0.38
-0.38
-0.37
-0.36
-0.35
-0.34
-0.32
-0.31
-0.30
-0.29
-0.28
-0.25
-0.23
-0.20
-0.16
-0.11
-0.07
-0.03
-0.01
0.00
0.03
0.06
0.09
0.12
0.16
0.20
0.22
0.23
0.25
0.27
0.29
0.32
0.34
0.37
0.39
0.42
0.43
0.44
0.46
0.47
0.49
0.51
0.52
0.54
0.55
0.57
0.58
0.61
0.63
0.65
0.67
0.68
0.69
0.70
0.72
0.74
0.75
0.76
0.78
0.79
0.80
0.80
0.81
0.81
0.81
0.80
0.80
0.80
0.79
0.81
0.83
0.85
0.87
0.90
0.92
0.96
0.99
1.02
1.05
1.08
1.11
1.13
1.13
1.12
1.11
1.09
1.07
1.05
1.03
1.02
1.01
1.00
0.99
0.99
0.99
1.00
1.02
1.02
1.03
1.05
1.05
1.06
1.07
1.08
1.10
1.12
1.14
1.16
1.17
1.19
1.20
1.22
1.23
1.24
1.25
1.27
1.27
1.27
1.26
1.26
1.27
1.27
1.27
1.28
1.28
1.28
1.29
1.29
1.29
1.29
1.30
1.30
1.30
1.30
1.30
1.30
1.28
1.27
1.27
1.24
1.23
1.22
1.21
1.21
1.21
1.19
1.16
1.13
1.11
1.08
1.06
1.04
1.01
0.99
0.96
0.95
0.94
0.93
0.92
0.92
0.91
0.90
0.90
0.92
0.94
0.97
1.00
1.01
1.03
1.04
1.07
1.08
1.10
1.11
1.11
1.11
1.12
1.12
1.13
1.14
1.15
1.15
1.15
1.15
1.14
1.14
1.13
1.13
1.12
1.12
1.11
1.11
1.10
1.09
1.09
1.08
1.06
1.05
1.03
1.02
1.01
1.01
1.00
1.00
0.99
0.99
0.99
0.98
0.98
0.97
0.97
0.98
0.99
0.99
0.99
1.01
1.01
1.02
1.02
1.02
1.03
1.03
1.05
1.05
1.07
1.08
1.10
1.12
1.14
1.17
1.20
1.23
1.24
1.26
1.26
1.26
1.25
1.23
1.21
1.19
1.17
1.15
1.13
1.11
1.07
1.04
1.01
0.99
0.97
0.93
0.91
0.88
0.86
0.85
0.83
0.82
0.81
0.82
0.82
0.82
0.82
0.81
0.80
0.80
0.79
0.78
0.78
Sampling Rate: 381.00 Hz
0.77
0.78
0.80
0.82
0.84
0.84
0.84
0.84
0.84
0.83
0.82
0.81
0.80
0.80
0.80
0.80
0.79
0.79
0.78
0.77
0.74
0.71
0.68
0.66
0.64
0.63
0.62
0.60
0.58
0.57
0.56
0.55
0.55
0.53
0.50
0.47
0.44
0.41
0.39
0.38
0.38
0.36
0.35
0.35
0.35
0.35
0.36
0.35
0.34
0.33
0.32
0.32
0.32
0.32
0.33
0.34
0.34
0.35
0.36
0.35
0.35
0.35
0.34
0.32
0.30
0.28
0.27
0.25
0.24
0.24
0.24
0.25
0.25
0.26
0.27
0.28
0.29
0.29
0.27
0.26
0.26
0.26
0.27
0.28
0.27
0.25
0.23
0.20
0.18
0.18
0.18
0.18
0.19
0.20
0.21
0.22
0.23
0.25
0.26
0.27
0.27
0.27
0.25
0.25
0.23
0.22
0.21
0.18
0.16
0.14
0.12
0.10
0.07
0.06
0.04
0.02
-0.00
-0.03
-0.05
-0.07
-0.10
-0.14
-0.17
-0.20
-0.22
-0.24
-0.24
-0.25
-0.26
-0.27
-0.28
-0.29
-0.30
-0.31
-0.32
-0.34
-0.36
-0.37
-0.39
-0.39
-0.40
-0.41
-0.41
-0.42
-0.42
-0.42
-0.43
-0.43
-0.43
-0.43
-0.45
-0.46
-0.46
-0.47
-0.47
-0.47
-0.47
-0.47
-0.48
-0.49
-0.50
-0.50
-0.50
-0.50
-0.49
-0.49
-0.49
-0.48
-0.48
-0.46
-0.44
-0.43
-0.42
-0.42
-0.41
-0.39
-0.38
-0.35
-0.34
-0.32
-0.30
-0.29
-0.28
-0.26
-0.25
-0.24
-0.22
-0.20
-0.17
-0.14
-0.12
-0.11
-0.10
-0.09
-0.09
-0.09
-0.09
-0.10
-0.11
-0.11
-0.09
-0.07
-0.06
-0.06
-0.07
-0.07
-0.08
-0.09
-0.11
-0.12
-0.13
-0.14
-0.16
-0.17
-0.18
-0.19
-0.20
-0.21
-0.22
-0.21
-0.19
-0.18
-0.18
-0.17
-0.14
-0.11
-0.08
-0.05
-0.02
0.02
0.05
0.08
0.12
0.16
0.20
0.23
0.25
0.28
0.30
0.32
0.34
0.35
0.37
0.37
0.35
0.33
0.31
0.28
0.23
0.17
0.11
0.04
-0.03
-0.10
-0.18
-0.27
-0.37
-0.46
-0.56
-0.66
-0.76
-0.86
-0.96
-1.07
-1.18
-1.29
-1.39
-1.48
-1.57
-1.64
-1.71
-1.78
-1.84
-1.88
-1.91
-1.92
-1.93
-1.93
-1.91
-1.87
-1.82
-1.75
-1.68
-1.60
-1.53
-1.44
-1.34
-1.23
-1.14
-1.05
-0.95
-0.85
-0.76
-0.67
-0.58
-0.49
-0.41
-0.34
-0.28
-0.24
-0.21
-0.18
-0.16
-0.15
-0.16
-0.17
-0.19
-0.21
-0.24
-0.27
-0.31
-0.34
-0.38
-0.42
-0.45
-0.49
-0.53
-0.59
-0.65
-0.70
-0.74
-0.77
-0.80
-0.82
-0.84
-0.85
-0.86
-0.87
-0.88
-0.89
-0.90
-0.90
-0.89
-0.88
-0.87
-0.84
-0.81
-0.77
-0.73
-0.70
-0.66
-0.64
-0.62
-0.62
-0.61
-0.59
-0.58
-0.58
-0.59
-0.61
-0.63
-0.67
-0.69
-0.73
-0.78
-0.82
-0.87
-0.92
-0.97
-1.02
-1.06
-1.11
-1.15
-1.19
-1.22
-1.26
-1.29
-1.32
-1.35
-1.37
-1.40
-1.42
-1.44
-1.46
-1.47
-1.49
-1.49
-1.47
-1.45
-1.44
Sampling Rate: 380.00 Hz
-1.43
-1.43
-1.44
-1.43
-1.42
-1.41
-1.39
-1.36
-1.33
-1.30
-1.27
-1.25
-1.24
-1.24
-1.25
-1.24
-1.23
-1.22
-1.21
-1.20
-1.21
-1.21
-1.21
-1.21
-1.22
-1.22
-1.22
-1.22
-1.21
-1.19
-1.17
-1.16
-1.16
-1.16
-1.17
-1.16
-1.16
-1.17
-1.17
-1.18
-1.21
-1.23
-1.25
-1.26
-1.26
-1.26
-1.26
-1.27
-1.27
-1.27
-1.28
-1.28
-1.29
-1.29
-1.29
-1.30
-1.30
-1.30
-1.30
-1.30
-1.31
-1.31
-1.31
-1.30
-1.30
-1.30
-1.29
-1.27
-1.27
-1.24
-1.21
-1.19
-1.18
-1.17
-1.16
-1.16
-1.16
-1.16
-1.14
-1.13
-1.13
-1.13
-1.11
-1.08
-1.07
-1.04
-1.03
-1.02
-1.01
-1.01
-1.01
-1.02
-1.02
-1.03
-1.03
-1.03
-1.04
-1.04
-1.05
-1.05
-1.07
-1.10
-1.12
-1.14
-1.16
-1.17
-1.20
-1.21
-1.21
-1.22
-1.23
-1.23
-1.24
-1.25
-1.27
-1.28
-1.29
-1.30
-1.32
-1.34
-1.34
-1.36
-1.36
-1.36
-1.35
-1.34
-1.32
-1.30
-1.28
-1.27
-1.25
-1.23
-1.22
-1.22
-1.21
-1.21
-1.22
-1.24
-1.26
-1.27
-1.28
-1.28
-1.28
-1.28
-1.28
-1.27
-1.27
-1.26
-1.25
-1.25
-1.24
-1.24
-1.24
-1.23
-1.21
-1.19
-1.17
-1.15
-1.13
-1.11
-1.09
-1.08
-1.07
-1.06
-1.05
-1.03
-1.02
-1.00
-0.99
-0.97
-0.95
-0.94
-0.92
-0.91
-0.90
-0.88
-0.87
-0.86
-0.86
-0.86
-0.87
-0.89
-0.92
-0.94
-0.97
-0.99
-1.01
-1.03
-1.04
-1.04
-1.03
-1.04
-1.05
-1.06
-1.06
-1.07
-1.09
-1.10
-1.11
-1.11
-1.11
-1.11
-1.11
-1.11
-1.11
-1.11
-1.10
-1.08
-1.06
-1.03
-1.01
-0.98
-0.95
-0.93
-0.92
-0.90
-0.89
-0.87
-0.85
-0.83
-0.81
-0.79
-0.77
-0.75
-0.75
-0.75
-0.74
-0.72
-0.71
-0.70
-0.68
-0.67
-0.67
-0.67
-0.66
-0.67
-0.67
-0.68
-0.70
-0.73
-0.74
-0.74
-0.75
-0.77
-0.77
-0.79
-0.80
-0.82
-0.83
-0.83
-0.82
-0.81
-0.79
-0.77
-0.75
-0.74
-0.73
-0.73
-0.73
-0.73
-0.75
-0.75
-0.76
-0.76
-0.75
-0.74
-0.72
-0.70
-0.68
-0.67
-0.65
-0.63
-0.61
-0.59
-0.57
-0.55
-0.54
-0.52
-0.51
-0.49
-0.46
-0.44
-0.42
-0.41
-0.39
-0.38
-0.37
-0.36
-0.36
-0.33
-0.32
-0.31
-0.30
-0.27
-0.26
-0.25
-0.24
-0.23
-0.23
-0.21
-0.20
-0.19
-0.19
-0.19
-0.19
-0.19
-0.19
-0.19
-0.19
-0.20
-0.20
-0.20
-0.20
-0.21
-0.21
-0.21
-0.21
-0.21
-0.21
-0.22
-0.23
-0.24
-0.25
-0.26
-0.26
-0.26
-0.26
-0.26
-0.26
-0.26
-0.26
-0.24
-0.23
-0.21
-0.19
-0.18
-0.17
-0.17
-0.16
-0.15
-0.12
-0.09
-0.07
-0.04
-0.03
-0.01
0.01
0.03
0.05
0.08
0.11
0.14
0.16
0.18
0.19
0.19
0.18
0.17
0.15
0.14
0.10
0.07
0.05
0.03
-0.01
-0.05
-0.10
-0.15
-0.18
-0.22
-0.27
-0.31
-0.34
-0.38
-0.41
-0.45
-0.49
-0.52
-0.57
-0.62
Sampling Rate: 380.00 Hz
-0.66
-0.68
-0.68
-0.68
-0.68
-0.69
-0.70
-0.72
-0.74
-0.75
-0.77
-0.79
-0.81
-0.82
-0.84
-0.85
-0.86
-0.88
-0.89
-0.91
-0.93
-0.95
-0.96
-0.97
-0.98
-1.00
-1.01
-1.02
-1.03
-1.04
-1.04
-1.04
-1.04
-1.05
-1.06
-1.05
-1.04
-1.03
-1.03
-1.02
-1.01
-0.99
-0.98
-0.97
-0.94
-0.91
-0.87
-0.83
-0.79
-0.75
-0.71
-0.66
-0.62
-0.58
-0.55
-0.51
-0.48
-0.45
-0.42
-0.39
-0.36
-0.35
-0.35
-0.34
-0.35
-0.36
-0.38
-0.40
-0.42
-0.44
-0.47
-0.49
-0.51
-0.55
-0.59
-0.63
-0.66
-0.69
-0.74
-0.77
-0.81
-0.84
-0.87
-0.90
-0.91
-0.90
-0.90
-0.89
-0.89
-0.88
-0.88
-0.87
-0.85
-0.84
-0.82
-0.80
-0.77
-0.74
-0.73
-0.70
-0.67
-0.64
-0.60
-0.56
-0.52
-0.48
-0.42
-0.38
-0.34
-0.31
-0.29
-0.26
-0.24
-0.21
-0.19
-0.18
-0.17
-0.16
-0.16
-0.15
-0.14
-0.14
-0.14
-0.15
-0.16
-0.17
-0.16
-0.17
-0.19
-0.19
-0.18
-0.18
-0.16
-0.15
-0.13
-0.12
-0.10
-0.08
-0.07
-0.05
-0.03
-0.02
-0.01
0.01
0.02
0.03
0.06
0.09
0.13
0.18
0.21
0.25
0.29
0.33
0.37
0.40
0.43
0.46
0.50
0.53
0.56
0.59
0.62
0.65
0.68
0.70
0.73
0.75
0.76
0.77
0.78
0.79
0.80
0.82
0.83
0.84
0.87
0.89
0.91
0.92
0.93
0.96
0.99
1.03
1.06
1.09
1.13
1.17
1.20
1.26
1.31
1.36
1.41
1.47
1.52
1.55
1.60
1.64
1.68
1.71
1.75
1.80
1.84
1.89
1.92
1.94
1.95
1.95
1.95
1.95
1.94
1.93
1.92
1.91
1.90
1.89
1.88
1.87
1.86
1.84
1.83
1.84
1.84
1.83
1.82
1.82
1.81
1.81
1.83
1.85
1.87
1.90
1.93
1.95
1.97
1.98
2.00
2.02
2.03
2.02
2.02
2.03
2.04
2.05
2.07
2.08
2.09
2.11
2.10
2.10
2.09
2.07
2.06
2.04
2.02
1.99
1.96
1.92
1.89
1.84
1.80
1.74
1.68
1.63
1.59
1.56
1.53
1.49
1.45
1.41
1.38
1.34
1.31
1.28
1.26
1.23
1.21
1.20
1.17
1.14
1.11
1.08
1.05
1.01
0.97
0.94
0.93
0.92
0.90
0.89
0.88
0.87
0.86
0.87
0.87
0.86
0.86
0.86
0.85
0.84
0.81
0.78
0.75
0.72
0.69
0.64
0.60
0.55
0.51
0.47
0.44
0.41
0.39
0.37
0.35
0.33
0.32
0.30
0.29
0.28
0.27
0.24
0.22
0.20
0.19
0.18
0.17
0.16
0.16
0.15
0.15
0.14
0.14
0.14
0.13
0.13
0.13
0.13
0.14
0.15
0.15
0.16
0.16
0.16
0.15
0.15
0.15
0.15
0.14
0.14
0.14
0.13
0.13
0.13
0.13
0.12
0.12
0.12
0.12
0.11
0.11
0.11
0.11
0.11
0.09
0.08
0.05
0.04
0.01
-0.00
-0.01
-0.02
-0.01
0.00
0.03
0.04
0.06
0.06
0.07
0.08
Sampling Rate: 380.00 Hz
0.08
0.08
0.08
0.08
0.08
0.09
0.08
0.08
0.07
0.04
0.01
-0.01
-0.03
-0.05
-0.06
-0.09
-0.11
-0.15
-0.18
-0.21
-0.25
-0.28
-0.30
-0.31
-0.32
-0.34
-0.36
-0.38
-0.40
-0.41
-0.41
-0.40
-0.40
-0.40
-0.41
-0.41
-0.42
-0.42
-0.42
-0.43
-0.43
-0.41
-0.40
-0.38
-0.36
-0.33
-0.31
-0.28
-0.26
-0.22
-0.19
-0.16
-0.14
-0.12
-0.10
-0.08
-0.06
-0.05
-0.04
-0.03
-0.02
-0.01
0.00
0.01
0.04
0.05
0.07
0.09
0.11
0.14
0.16
0.17
0.18
0.19
0.19
0.19
0.19
0.19
0.19
0.18
0.18
0.18
0.17
0.17
0.17
0.16
0.16
0.16
0.16
0.15
0.15
0.15
0.16
0.18
0.21
0.23
0.25
0.25
0.25
0.25
0.26
0.27
0.27
0.27
0.26
0.26
0.27
0.28
0.29
0.30
0.30
0.29
0.29
0.28
0.27
0.26
0.25
0.23
0.21
0.18
0.15
0.13
0.11
0.07
0.05
0.01
-0.02
-0.06
-0.10
-0.14
-0.18
-0.22
-0.26
-0.29
-0.33
-0.36
-0.39
-0.43
-0.47
-0.50
-0.53
-0.55
-0.59
-0.62
-0.64
-0.66
-0.68
-0.69
-0.70
-0.71
-0.72
-0.72
-0.73
-0.73
-0.74
-0.74
-0.74
-0.75
-0.76
-0.77
-0.80
-0.83
-0.86
-0.89
-0.91
-0.95
-0.98
-1.01
-1.05
-1.08
-1.12
-1.13
-1.15
-1.17
-1.18
-1.19
-1.21
-1.22
-1.24
-1.24
-1.25
-1.24
-1.25
-1.25
-1.26
-1.27
-1.27
-1.27
-1.26
-1.26
-1.26
-1.27
-1.26
-1.25
-1.22
-1.21
-1.19
-1.17
-1.16
-1.15
-1.14
-1.14
-1.14
-1.15
-1.16
-1.17
-1.18
-1.19
-1.21
-1.22
-1.23
-1.24
-1.26
-1.28
-1.30
-1.31
-1.32
-1.33
-1.35
-1.36
-1.37
-1.38
-1.38
-1.38
-1.38
-1.38
-1.38
-1.38
-1.39
-1.40
-1.40
-1.40
-1.40
-1.39
-1.39
-1.38
-1.39
-1.39
-1.39
-1.39
-1.38
-1.36
-1.35
-1.33
-1.32
-1.31
-1.30
-1.29
-1.28
-1.27
-1.25
-1.22
-1.18
-1.15
-1.11
-1.09
-1.07
-1.06
-1.06
-1.05
-1.05
-1.03
-1.02
-1.02
-1.02
-1.01
-1.02
-1.02
-1.02
-1.02
-1.01
-1.00
-0.99
-0.99
-0.97
-0.96
-0.94
-0.91
-0.90
-0.88
-0.86
-0.85
-0.85
-0.83
-0.81
-0.79
-0.77
-0.76
-0.76
-0.74
-0.72
-0.71
-0.71
-0.71
-0.70
-0.68
-0.67
-0.67
-0.66
-0.64
-0.62
-0.60
-0.57
-0.54
-0.51
-0.50
-0.50
-0.50
-0.51
-0.51
-0.50
-0.49
-0.47
-0.47
-0.47
-0.48
-0.49
-0.50
-0.50
-0.52
-0.52
-0.51
-0.49
-0.49
-0.49
-0.49
-0.47
-0.47
-0.46
-0.46
-0.47
-0.48
-0.49
-0.50
-0.49
-0.49
-0.50
-0.51
-0.52
-0.53
-0.55
-0.57
-0.58
-0.60
-0.63
-0.65
-0.69
-0.73
-0.78
-0.82
-0.87
-0.92
-0.97
-1.01
-1.06
-1.10
-1.14
-1.18
-1.21
-1.26
-1.31
-1.36
-1.39
-1.42
-1.46
-1.49
-1.53
-1.56
-1.59
-1.60
-1.61
-1.62
-1.63
-1.63
-1.62
-1.59
-1.56
-1.52
-1.48
-1.45
Sampling Rate: 380.00 Hz
-1.42
-1.38
-1.34
-1.31
-1.27
-1.23
-1.19
-1.17
-1.15
-1.12
-1.11
-1.11
-1.11
-1.12
-1.15
-1.17
-1.19
-1.23
-1.27
-1.32
-1.37
-1.42
-1.47
-1.52
-1.57
-1.62
-1.67
-1.73
-1.79
-1.84
-1.88
-1.92
-1.93
-1.95
-1.96
-1.97
-1.95
-1.94
-1.91
-1.89
-1.86
-1.81
-1.76
-1.69
-1.63
-1.54
-1.47
-1.38
-1.30
-1.22
-1.14
-1.07
-1.01
-0.95
-0.88
-0.83
-0.78
-0.75
-0.72
-0.71
-0.71
-0.72
-0.73
-0.74
-0.78
-0.81
-0.83
-0.87
-0.92
-0.97
-1.02
-1.07
-1.13
-1.18
-1.23
-1.29
-1.35
-1.40
-1.45
-1.49
-1.52
-1.56
-1.58
-1.61
-1.64
-1.66
-1.68
-1.70
-1.71
-1.73
-1.73
-1.71
-1.69
-1.66
-1.63
-1.60
-1.57
-1.52
-1.47
-1.43
-1.40
-1.36
-1.33
-1.30
-1.28
-1.25
-1.23
-1.20
-1.18
-1.16
-1.14
-1.12
-1.11
-1.11
-1.12
-1.13
-1.15
-1.16
-1.18
-1.20
-1.22
-1.25
-1.27
-1.28
-1.28
-1.29
-1.28
-1.27
-1.25
-1.23
-1.21
-1.19
-1.16
-1.14
-1.10
-1.05
-1.00
-0.94
-0.88
-0.82
-0.76
-0.71
-0.65
-0.60
-0.55
-0.50
-0.45
-0.41
-0.35
-0.30
-0.26
-0.22
-0.19
-0.16
-0.14
-0.14
-0.14
-0.14
-0.15
-0.15
-0.16
-0.16
-0.17
-0.19
-0.20
-0.22
-0.25
-0.27
-0.30
-0.34
-0.36
-0.39
-0.41
-0.43
-0.46
-0.49
-0.51
-0.52
-0.54
-0.55
-0.56
-0.57
-0.57
-0.58
-0.57
-0.55
-0.53
-0.52
-0.52
-0.52
-0.50
-0.48
-0.45
-0.42
-0.38
-0.36
-0.34
-0.32
-0.30
-0.28
-0.25
-0.22
-0.19
-0.17
-0.14
-0.11
-0.08
-0.06
-0.04
-0.01
0.01
0.03
0.05
0.07
0.08
0.10
0.11
0.13
0.14
0.15
0.16
0.17
0.20
0.22
0.25
0.27
0.30
0.34
0.38
0.41
0.42
0.43
0.44
0.42
0.40
0.38
0.36
0.35
0.32
0.29
0.25
0.21
0.17
0.13
0.08
0.04
0.00
-0.04
-0.07
-0.11
-0.14
-0.17
-0.20
-0.23
-0.26
-0.28
-0.32
-0.35
-0.39
-0.42
-0.47
-0.50
-0.52
-0.54
-0.55
-0.56
-0.57
-0.58
-0.60
-0.63
-0.66
-0.68
-0.71
-0.73
-0.74
-0.76
-0.77
-0.79
-0.82
-0.84
-0.87
-0.90
-0.92
-0.94
-0.96
-0.97
-0.98
-1.00
-1.02
-1.04
-1.05
-1.06
-1.05
-1.06
-1.07
-1.08
-1.08
-1.08
-1.09
-1.08
-1.07
-1.06
-1.05
-1.05
-1.03
-1.01
-0.99
-0.97
-0.94
-0.91
-0.88
-0.86
-0.83
-0.81
-0.78
-0.76
-0.73
-0.71
-0.69
-0.67
-0.65
-0.64
-0.62
-0.60
-0.59
-0.58
-0.56
-0.55
-0.54
-0.51
-0.47
-0.43
-0.39
-0.34
-0.29
-0.24
-0.18
-0.11
-0.05
0.02
0.09
0.17
0.24
0.30
0.36
0.40
0.43
0.48
0.51
0.53
0.54
0.56
0.56
0.57
0.56
0.55
0.54
0.52
0.51
0.50
0.49
0.47
0.45
0.41
0.39
0.36
0.33
0.31
0.29
0.26
0.23
0.19
0.18
0.16
0.13
0.10
0.09
0.08
0.07
0.08
Sampling Rate: 380.00 Hz
0.07
0.07
0.07
0.06
0.04
0.02
0.02
0.01
-0.01
-0.01
-0.00
0.01
0.01
0.02
0.04
0.06
0.06
0.07
0.09
0.09
0.10
0.11
0.13
0.14
0.16
0.16
0.17
0.17
0.17
0.18
0.19
0.20
0.21
0.23
0.24
0.25
0.27
0.28
0.29
0.31
0.33
0.37
0.40
0.43
0.47
0.51
0.56
0.59
0.61
0.62
0.64
0.65
0.66
0.67
0.69
0.70
0.72
0.75
0.77
0.80
0.81
0.83
0.84
0.85
0.87
0.88
0.89
0.90
0.91
0.93
0.96
0.99
1.02
1.04
1.06
1.09
1.12
1.15
1.19
1.25
1.33
1.39
1.46
1.54
1.63
1.74
1.85
1.97
2.11
2.24
2.35
2.47
2.60
2.70
2.81
2.91
2.99
3.06
3.12
3.17
3.22
3.26
3.30
3.34
3.37
3.38
3.37
3.36
3.36
3.35
3.33
3.30
3.28
3.25
3.22
3.19
3.15
3.12
3.08
3.04
2.99
2.94
2.91
2.87
2.85
2.82
2.80
2.77
2.75
2.73
2.72
2.70
2.68
2.66
2.65
2.63
2.62
2.58
2.56
2.54
2.52
2.50
2.49
2.47
2.46
2.45
2.45
2.45
2.44
2.44
2.43
2.42
2.41
2.39
2.38
2.35
2.33
2.31
2.28
2.24
2.19
2.14
2.09
2.04
1.99
1.94
1.89
1.85
1.80
1.76
1.72
1.66
1.61
1.57
1.53
1.48
1.43
1.38
1.33
1.27
1.21
1.15
1.08
1.01
0.94
0.87
0.79
0.71
0.63
0.54
0.46
0.38
0.31
0.24
0.17
0.10
0.04
-0.01
-0.07
-0.12
-0.18
-0.24
-0.29
-0.33
-0.37
-0.40
-0.43
-0.46
-0.49
-0.51
-0.54
-0.56
-0.58
-0.59
-0.61
-0.61
-0.61
-0.62
-0.62
-0.63
-0.64
-0.65
-0.66
-0.66
-0.67
-0.66
-0.65
-0.62
-0.57
-0.53
-0.49
-0.43
-0.39
-0.33
-0.27
-0.20
-0.13
-0.05
0.04
0.12
0.21
0.28
0.35
0.41
0.47
0.54
0.62
0.69
