5
10.87
10.89
10.91
10.93
10.94
10.95
10.96
10.97
10.97
10.97
10.97
10.96
10.95
10.94
10.93
10.91
10.88
10.83
10.78
10.72
10.65
10.58
10.52
10.45
10.38
10.31
10.24
10.17
10.10
10.04
9.97
9.91
9.84
9.78
9.72
9.66
9.62
9.59
9.56
9.54
9.54
9.55
9.57
9.59
9.63
9.68
9.73
9.79
9.85
9.90
9.96
10.01
10.05
10.09
10.13
10.16
10.19
10.21
10.23
10.25
10.26
10.27
10.27
10.26
10.23
10.19
10.15
10.10
10.04
9.99
9.92
9.83
9.74
9.65
9.55
9.46
9.36
9.27
9.17
9.08
8.99
8.90
8.82
8.74
8.66
8.60
8.55
8.50
8.47
8.44
8.41
8.40
8.40
8.41
8.43
8.44
8.46
8.47
8.49
8.50
8.51
8.52
8.52
8.53
8.53
8.53
8.52
8.52
8.51
8.50
8.49
8.47
8.46
8.44
8.43
8.41
8.38
8.36
8.34
8.32
8.29
8.27
8.24
8.21
8.18
8.15
8.13
8.10
8.06
8.03
8.02
8.01
8.01
8.02
8.02
8.03
8.04
8.06
8.09
8.12
8.16
8.20
8.23
8.27
8.30
8.35
8.40
8.46
8.51
8.57
8.62
8.67
8.72
8.76
8.80
8.83
8.86
8.89
8.91
8.93
8.94
8.95
8.96
8.96
8.97
8.96
8.96
8.95
8.95
8.94
8.92
8.91
8.89
8.87
8.85
8.83
8.81
8.79
8.76
8.74
8.73
8.72
8.73
8.74
8.74
8.75
8.76
8.77
8.78
8.78
8.78
8.78
8.78
8.78
8.77
8.76
8.75
8.74
8.72
8.71
8.69
8.67
8.65
8.63
8.61
8.58
8.56
8.53
8.50
8.48
8.45
8.42
8.39
8.36
8.33
8.30
8.27
8.23
8.20
8.17
8.14
8.10
8.07
8.03
8.01
8.01
8.00
8.00
8.01
8.01
8.02
8.02
8.02
8.03
8.03
8.02
8.02
8.01
8.01
8.00
7.99
7.97
7.96
7.94
7.93
7.91
7.89
7.87
7.85
7.83
7.80
7.78
7.77
7.77
7.77
7.78
7.79
7.81
7.82
7.83
7.84
7.84
7.85
7.85
7.85
7.85
7.85
7.84
7.84
7.83
7.82
7.80
7.79
7.77
7.76
7.74
7.72
7.70
7.68
7.66
7.64
7.61
7.59
7.56
7.54
7.51
7.48
7.46
7.43
7.41
7.41
7.41
7.42
7.43
7.44
7.45
7.46
7.47
7.47
7.48
7.48
7.48
7.48
7.47
7.47
7.46
7.45
7.44
7.43
7.41
7.40
7.38
7.37
7.35
7.33
7.31
7.29
7.27
7.24
7.22
7.20
7.17
7.15
7.12
7.09
7.07
7.04
7.01
6.98
6.96
6.93
6.90
6.87
6.84
6.81
6.78
6.75
6.72
6.69
6.66
6.63
6.60
6.57
6.54
6.51
6.48
6.45
6.42
6.39
6.36
6.33
6.30
6.27
6.24
6.21
Sampling Rate: 379.00 Hz
6.19
6.16
6.13
6.10
6.07
6.04
6.01
5.98
5.95
5.92
5.89
5.86
5.83
5.81
5.78
5.75
5.72
5.69
5.66
5.64
5.61
5.58
5.55
5.53
5.50
5.47
5.44
5.42
5.39
5.36
5.34
5.31
5.28
5.26
5.23
5.21
5.18
5.15
5.13
5.10
5.08
5.05
5.03
5.00
4.98
4.95
4.93
4.90
4.88
4.85
4.83
4.81
4.78
4.76
4.73
4.71
4.69
4.66
4.64
4.62
4.59
4.57
4.55
4.53
4.50
4.48
4.46
4.44
4.41
4.39
4.37
4.35
4.33
4.30
4.28
4.26
4.24
4.22
4.20
4.18
4.16
4.14
4.11
4.09
4.07
4.05
4.03
4.01
3.99
3.97
3.95
3.93
3.91
3.89
3.87
3.85
3.84
3.82
3.80
3.78
3.76
3.74
3.72
3.70
3.68
3.67
3.65
3.63
3.61
3.59
3.58
3.56
3.54
3.52
3.50
3.49
3.47
3.45
3.43
3.42
3.40
3.38
3.37
3.35
3.33
3.32
3.30
3.28
3.27
3.25
3.23
3.22
3.20
3.19
3.17
3.15
3.14
3.12
3.11
3.09
3.08
3.06
3.05
3.03
3.01
3.00
2.98
2.97
2.95
2.94
2.93
2.91
2.90
2.90
2.91
2.93
2.95
2.97
3.00
3.02
3.05
3.07
3.10
3.12
3.14
3.15
3.17
3.18
3.20
3.21
3.22
3.22
3.23
3.24
3.24
3.24
3.24
3.26
3.28
3.32
3.35
3.38
3.42
3.46
3.49
3.52
3.55
3.58
3.60
3.63
3.65
3.67
3.68
3.70
3.71
3.72
3.73
3.74
3.74
3.75
3.75
3.75
3.75
3.75
3.75
3.75
3.74
3.74
3.73
3.73
3.72
3.71
3.71
3.70
3.69
3.68
3.67
3.66
3.64
3.63
3.62
3.61
3.60
3.58
3.57
3.56
3.54
3.53
3.52
3.50
3.49
3.47
3.46
3.44
3.43
3.42
3.40
3.39
3.37
3.36
3.34
3.33
3.31
3.30
3.28
3.27
3.25
3.24
3.22
3.20
3.19
3.17
3.16
3.14
3.13
3.11
3.10
3.09
3.07
3.06
3.04
3.03
3.01
3.00
2.98
2.97
2.95
2.94
2.92
2.91
2.90
2.88
2.87
2.85
2.84
2.83
2.81
2.80
2.78
2.77
2.76
2.74
2.73
2.72
2.70
2.69
2.68
2.66
2.65
2.64
2.62
2.61
2.60
2.58
2.57
2.56
2.55
2.53
2.52
2.51
2.49
2.48
2.47
2.46
2.45
2.43
2.42
2.41
2.40
2.39
2.37
2.36
2.35
2.34
2.33
2.31
2.30
2.29
2.28
2.27
2.26
2.25
2.24
2.22
2.21
2.20
2.19
2.18
2.17
2.16
2.15
2.14
2.13
2.12
2.10
2.09
2.08
2.07
2.06
2.05
2.04
2.03
2.02
2.01
2.00
1.99
1.98
1.97
1.96
1.95
1.94
1.93
1.94
1.95
1.98
2.00
2.03
2.06
2.09
2.12
2.15
2.18
2.21
2.23
2.25
2.27
2.29
2.31
2.32
2.34
2.35
2.36
2.37
2.38
2.38
2.39
2.40
2.40
2.40
2.40
Sampling Rate: 380.00 Hz
2.40
2.40
2.40
2.40
2.40
2.40
2.40
2.39
2.39
2.38
2.38
2.37
2.37
2.36
2.35
2.35
2.34
2.33
2.33
2.32
2.31
2.30
2.29
2.29
2.28
2.27
2.26
2.25
2.24
2.23
2.22
2.21
2.21
2.20
2.19
2.18
2.17
2.16
2.15
2.14
2.13
2.12
2.11
2.10
2.09
2.08
2.07
2.06
2.05
2.04
2.03
2.02
2.01
2.02
2.03
2.06
2.08
2.11
2.14
2.17
2.20
2.23
2.26
2.29
2.31
2.33
2.35
2.39
2.43
2.47
2.52
2.58
2.63
2.67
2.72
2.77
2.81
2.86
2.92
2.99
3.06
3.13
3.19
3.25
3.31
3.37
3.44
3.51
3.59
3.67
3.75
3.83
3.90
3.98
4.07
4.16
4.26
4.35
4.43
4.53
4.64
4.74
4.85
4.95
5.05
5.16
5.27
5.39
5.50
5.62
5.72
5.82
5.92
6.02
6.13
6.24
6.34
6.45
6.55
6.64
6.73
6.81
6.88
6.95
7.01
7.07
7.12
7.17
7.21
7.25
7.28
7.31
7.33
7.35
7.37
7.39
7.40
7.40
7.41
7.41
7.41
7.41
7.40
7.40
7.39
7.38
7.37
7.36
7.34
7.33
7.31
7.29
7.27
7.25
7.23
7.21
7.19
7.16
7.14
7.12
7.09
7.07
7.02
6.97
6.91
6.85
6.78
6.72
6.65
6.58
6.51
6.43
6.34
6.25
6.15
6.06
5.96
5.85
5.73
5.61
5.48
5.36
5.24
5.12
5.01
4.88
4.75
4.62
4.49
4.35
4.23
4.10
3.98
3.87
3.76
3.65
3.56
3.46
3.37
3.29
3.21
3.13
3.06
2.99
2.92
2.86
2.80
2.74
2.69
2.64
2.59
2.55
2.50
2.46
2.42
2.38
2.35
2.31
2.28
2.25
2.22
2.19
2.16
2.14
2.11
2.09
2.06
2.04
2.02
2.00
2.00
2.00
2.01
2.03
2.05
2.08
2.10
2.12
2.15
2.17
2.19
2.22
2.27
2.31
2.37
2.42
2.47
2.52
2.57
2.63
2.70
2.77
2.85
2.92
2.99
3.06
3.14
3.23
3.32
3.41
3.50
3.59
3.67
3.75
3.83
3.91
4.00
4.09
4.19
4.28
4.36
4.44
4.52
4.61
4.70
4.80
4.90
4.99
5.08
5.16
5.24
5.32
5.38
5.45
5.51
5.56
5.61
5.66
5.70
5.73
5.76
5.79
5.82
5.84
5.86
5.87
5.89
5.90
5.90
5.91
5.91
5.91
5.91
5.91
5.91
5.90
5.89
5.88
5.88
5.86
5.85
5.84
5.83
5.81
5.80
5.78
5.76
5.75
5.73
5.71
5.69
5.67
5.65
5.63
5.61
5.59
5.57
5.54
5.52
5.50
5.48
5.46
5.43
5.41
5.39
5.36
5.34
5.32
5.29
5.27
5.25
5.22
5.20
5.17
5.15
5.13
5.10
5.08
5.06
5.03
5.01
4.98
4.96
4.94
4.91
4.89
4.87
4.84
4.82
4.80
4.77
4.75
4.73
4.70
4.68
4.66
4.64
4.61
4.59
4.57
4.55
4.52
4.50
4.48
4.46
4.44
4.41
4.39
4.37
4.35
Sampling Rate: 380.00 Hz
4.33
4.31
4.28
4.26
4.24
4.22
4.20
4.18
4.16
4.14
4.12
4.10
4.08
4.06
4.04
4.02
4.00
3.98
3.96
3.94
3.92
3.90
3.88
3.86
3.84
3.82
3.80
3.78
3.76
3.74
3.73
3.71
3.69
3.67
3.65
3.63
3.62
3.60
3.58
3.56
3.54
3.53
3.51
3.49
3.47
3.46
3.44
3.42
3.40
3.39
3.37
3.35
3.34
3.32
3.30
3.29
3.27
3.25
3.24
3.22
3.21
3.19
3.17
3.16
3.14
3.13
3.11
3.10
3.08
3.07
3.05
3.03
3.02
3.00
2.99
2.97
2.96
2.94
2.93
2.92
2.90
2.89
2.87
2.86
2.84
2.83
2.81
2.80
2.79
2.77
2.76
2.75
2.73
2.72
2.70
2.69
2.68
2.66
2.65
2.64
2.62
2.61
2.60
2.59
2.57
2.56
2.55
2.53
2.52
2.51
2.50
2.48
2.47
2.46
2.45
2.43
2.42
2.41
2.40
2.39
2.37
2.36
2.35
2.34
2.33
2.32
2.30
2.29
2.28
2.27
2.26
2.25
2.24
2.22
2.21
2.20
2.19
2.18
2.17
2.16
2.15
2.14
2.13
2.12
2.11
2.09
2.08
2.07
2.06
2.05
2.04
2.03
2.02
2.01
2.00
1.99
1.98
1.97
1.96
1.95
1.94
1.93
1.92
1.91
1.90
1.90
1.89
1.88
1.87
1.86
1.85
1.84
1.83
1.82
1.81
1.80
1.79
1.78
1.78
1.77
1.76
1.75
1.74
1.73
1.72
1.71
1.71
1.70
1.69
1.68
1.67
1.66
1.66
1.65
1.64
1.63
1.62
1.61
1.61
1.60
1.59
1.58
1.57
1.57
1.56
1.55
1.54
1.54
1.53
1.52
1.51
1.51
1.50
1.49
1.48
1.48
1.47
1.46
1.45
1.45
1.44
1.43
1.43
1.42
1.41
1.40
1.40
1.39
1.38
1.38
1.37
1.36
1.36
1.35
1.34
1.34
1.33
1.32
1.32
1.31
1.30
1.30
1.29
1.28
1.28
1.27
1.26
1.26
1.25
1.25
1.24
1.23
1.23
1.22
1.21
1.21
1.20
1.20
1.19
1.18
1.18
1.17
1.17
1.16
1.16
1.15
1.14
1.14
1.13
1.13
1.12
1.12
1.11
1.10
1.10
1.09
1.09
1.08
1.08
1.07
1.07
1.06
1.06
1.05
1.05
1.04
1.03
1.03
1.02
1.02
1.01
1.01
1.00
1.00
0.99
0.99
0.98
0.98
0.97
0.97
0.96
0.96
0.96
0.95
0.95
0.94
0.94
0.93
0.93
0.92
0.92
0.91
0.91
0.90
0.90
0.90
0.89
0.89
0.88
0.88
0.87
0.87
0.86
0.86
0.86
0.85
0.85
0.84
0.84
0.83
0.83
0.83
0.82
0.82
0.81
0.81
0.81
0.80
0.80
0.79
0.79
0.79
0.78
0.78
0.77
0.77
0.77
0.76
0.76
0.76
0.75
0.75
0.74
0.74
0.74
0.73
0.73
0.73
0.72
0.72
0.71
0.71
0.71
0.70
0.70
0.70
0.69
0.69
0.69
0.68
0.68
0.68
0.67
0.67
0.67
0.66
0.66
0.66
0.65
0.65
Sampling Rate: 380.00 Hz
0.65
0.64
0.64
0.64
0.63
0.63
0.63
0.62
0.62
0.62
0.62
0.61
0.61
0.59
0.56
0.53
0.49
0.45
0.40
0.36
0.32
0.28
0.24
0.20
0.16
0.13
0.10
0.07
0.04
0.01
-0.01
-0.04
-0.06
-0.08
-0.10
-0.12
-0.12
-0.11
-0.09
-0.07
-0.05
-0.02
0.01
0.04
0.08
0.14
0.19
0.26
0.32
0.38
0.44
0.50
0.56
0.62
0.67
0.72
0.76
0.81
0.85
0.88
0.92
0.95
0.98
1.01
1.04
1.06
1.08
1.10
1.12
1.12
1.11
1.10
1.07
1.05
1.02
0.99
0.96
0.93
0.90
0.87
0.84
0.81
0.79
0.76
0.74
0.72
0.70
0.68
0.66
0.64
0.62
0.61
0.59
0.58
0.56
0.55
0.54
0.53
0.52
0.50
0.49
0.49
0.48
0.45
0.42
0.38
0.34
0.29
0.23
0.16
0.08
-0.00
-0.10
-0.20
-0.31
-0.42
-0.54
-0.66
-0.79
-0.92
-1.06
-1.19
-1.31
-1.43
-1.55
-1.66
-1.76
-1.86
-1.95
-2.03
-2.11
-2.18
-2.25
-2.32
-2.38
-2.43
-2.47
-2.49
-2.50
-2.50
-2.50
-2.49
-2.48
-2.45
-2.41
-2.37
-2.31
-2.26
-2.20
-2.15
-2.09
-2.04
-1.99
-1.92
-1.85
-1.77
-1.69
-1.61
-1.53
-1.45
-1.38
-1.30
-1.23
-1.17
-1.10
-1.04
-0.99
-0.93
-0.88
-0.84
-0.79
-0.75
-0.71
-0.67
-0.64
-0.60
-0.57
-0.54
-0.52
-0.49
-0.47
-0.44
-0.42
-0.40
-0.38
-0.36
-0.35
-0.33
-0.32
-0.30
-0.29
-0.28
-0.26
-0.25
-0.24
-0.23
-0.22
-0.21
-0.21
-0.20
-0.19
-0.18
-0.18
-0.17
-0.17
-0.16
-0.16
-0.15
-0.15
-0.14
-0.14
-0.13
-0.13
-0.13
-0.12
-0.12
-0.12
-0.12
-0.11
-0.11
-0.11
-0.11
-0.10
-0.10
-0.10
-0.10
-0.10
-0.09
-0.09
-0.09
-0.07
-0.05
-0.01
0.02
0.06
0.10
0.14
0.18
0.22
0.26
0.30
0.33
0.36
0.39
0.42
0.45
0.47
0.50
0.52
0.54
0.56
0.58
0.59
0.61
0.62
0.63
0.65
0.66
0.67
0.67
0.68
0.69
0.70
0.70
0.71
0.71
0.72
0.72
0.73
0.73
0.73
0.73
0.74
0.74
0.74
0.74
0.74
0.74
0.74
0.74
0.74
0.74
0.74
0.74
0.74
0.73
0.73
0.73
0.73
0.73
0.73
0.72
0.72
0.72
0.72
0.72
0.71
0.71
0.71
0.71
0.70
0.70
0.70
0.70
0.69
0.69
0.69
0.68
0.68
0.68
0.68
0.67
0.67
0.67
0.66
0.66
0.66
0.66
0.65
0.65
0.65
0.64
0.64
0.64
0.64
0.63
0.63
0.63
0.62
0.62
0.62
0.61
0.61
0.61
0.61
0.60
0.60
0.60
0.59
0.59
0.59
0.59
0.58
0.58
0.58
0.57
0.57
0.57
0.57
0.56
0.56
0.56
0.55
0.55
0.55
0.55
0.54
0.54
0.54
0.54
0.53
0.53
0.53
0.53
0.52
0.52
0.52
0.52
0.51
0.51
0.51
0.51
0.50
0.50
0.50
0.50
0.49
0.49
0.49
0.49
Sampling Rate: 380.00 Hz
0.48
0.48
0.48
0.48
0.47
0.47
0.47
0.47
0.46
0.46
0.46
0.46
0.46
0.45
0.45
0.45
0.45
0.44
0.44
0.44
0.44
0.44
0.43
0.43
0.43
0.43
0.42
0.42
0.42
0.42
0.42
0.41
0.41
0.41
0.41
0.41
0.40
0.40
0.40
0.40
0.40
0.39
0.39
0.39
0.39
0.39
0.38
0.38
0.38
0.38
0.38
0.37
0.37
0.37
0.37
0.37
0.37
0.36
0.36
0.36
0.36
0.36
0.35
0.35
0.35
0.35
0.35
0.35
0.34
0.34
0.34
0.34
0.34
0.34
0.33
0.33
0.33
0.33
0.33
0.33
0.32
0.32
0.32
0.32
0.32
0.32
0.31
0.31
0.31
0.31
0.31
0.31
0.31
0.30
0.30
0.30
0.30
0.30
0.30
0.30
0.29
0.29
0.29
0.29
0.29
0.29
0.29
0.28
0.28
0.28
0.28
0.28
0.28
0.28
0.27
0.27
0.27
0.27
0.27
0.27
0.27
0.26
0.26
0.26
0.26
0.26
0.26
0.26
0.26
0.25
0.25
0.25
0.25
0.25
0.25
0.25
0.25
0.24
0.24
0.24
0.24
0.24
0.24
0.24
0.24
0.23
0.23
0.23
0.23
0.23
0.23
0.23
0.23
0.23
0.22
0.22
0.22
0.22
0.22
0.22
0.22
0.22
0.22
0.21
0.21
0.21
0.21
0.21
0.21
0.21
0.21
0.21
0.21
0.20
0.20
0.20
0.20
0.20
0.20
0.20
0.20
0.20
0.20
0.19
0.19
0.19
0.19
0.19
0.19
0.19
0.19
0.19
0.19
0.19
0.18
0.18
0.18
0.18
0.18
0.18
0.18
0.18
0.18
0.18
0.18
0.17
0.17
0.17
0.17
0.17
0.17
0.17
0.17
0.17
0.17
0.17
0.17
0.16
0.16
0.16
0.16
0.16
0.16
0.16
0.16
0.16
0.16
0.16
0.16
0.16
0.15
0.15
0.15
0.15
0.15
0.15
0.15
0.15
0.15
0.15
0.15
0.15
0.15
0.14
0.14
0.14
0.14
0.14
0.14
0.14
0.14
0.14
0.14
0.14
0.14
0.14
0.14
0.14
0.13
0.13
0.13
0.13
0.13
0.13
0.13
0.13
0.13
0.13
0.13
0.13
0.13
0.13
0.13
0.13
0.12
0.12
0.12
0.12
0.12
0.12
0.12
0.12
0.12
0.12
0.12
0.12
0.12
0.12
0.12
0.12
0.12
0.11
0.11
0.11
0.11
0.11
0.11
0.11
0.11
0.11
0.11
0.11
0.11
0.11
0.11
0.11
0.11
0.11
0.11
0.10
0.10
0.10
0.10
0.10
0.10
0.10
0.10
0.10
0.10
0.10
0.10
0.10
0.10
0.10
0.10
0.10
0.10
0.10
0.10
0.10
0.09
0.09
0.09
0.09
0.09
0.09
0.09
0.09
0.09
0.09
0.09
0.09
0.09
0.09
0.09
0.09
0.09
0.09
0.09
0.09
0.09
0.09
0.09
0.08
0.08
0.08
0.08
0.08
0.08
0.08
0.08
0.08
0.08
0.08
0.08
0.08
0.08
0.08
0.08
0.08
0.08
0.08
0.08
0.08
0.08
0.08
0.08
0.08
0.08
0.07
Sampling Rate: 380.00 Hz
0.07
0.07
0.07
0.07
0.07
0.07
0.07
0.07
0.07
0.07
0.07
0.07
0.07
0.07
0.07
0.07
0.07
0.07
0.07
0.07
0.07
0.07
0.07
0.07
0.07
0.07
0.07
0.07
0.06
0.06
0.06
0.06
0.06
0.06
0.06
0.06
0.06
0.06
0.06
0.06
0.06
0.06
0.06
0.06
0.06
0.06
0.06
0.06
0.06
0.06
0.06
0.06
0.06
0.06
0.06
0.06
0.06
0.06
0.06
0.06
0.06
0.06
0.06
0.05
0.05
0.05
0.05
0.05
0.05
0.05
0.05
0.05
0.05
0.05
0.05
0.05
0.05
0.05
0.05
0.05
0.05
0.05
0.05
0.05
0.05
0.05
0.05
0.05
0.05
0.05
0.05
0.05
0.05
0.05
0.05
0.05
0.05
0.05
0.05
0.05
0.05
0.05
0.05
0.05
0.05
0.05
0.04
0.04
0.04
0.04
0.04
0.04
0.04
0.04
0.04
0.04
0.04
0.04
0.04
0.04
0.04
0.04
0.04
0.04
0.04
0.04
0.04
0.04
0.04
0.04
0.04
0.04
0.04
0.04
0.04
0.04
0.04
0.04
0.04
0.04
0.04
0.04
0.04
0.04
0.04
0.04
0.04
0.04
0.04
0.04
0.04
0.04
0.04
0.04
0.04
0.04
0.04
0.04
0.04
0.04
0.03
0.03
0.03
0.03
0.03
0.03
0.03
0.03
0.03
0.03
0.03
0.03
0.03
0.03
0.03
0.03
0.03
0.03
0.03
0.03
0.03
0.03
0.03
0.03
0.03
0.03
0.03
0.03
0.03
0.03
0.03
0.03
0.03
0.03
0.03
0.03
0.03
0.03
0.03
0.03
0.03
0.03
0.03
0.03
0.03
0.03
0.03
0.03
0.03
0.03
0.03
0.03
0.03
0.03
0.03
0.03
0.03
0.03
0.03
0.03
0.03
0.03
0.03
0.03
0.03
0.03
0.03
0.03
0.03
0.03
0.03
0.03
0.03
0.03
0.02
0.02
0.02
0.02
0.02
0.02
0.02
0.02
0.02
0.02
0.02
0.02
0.02
0.02
0.02
0.02
0.02
0.02
0.02
0.02
0.02
0.02
0.02
0.02
0.02
0.02
0.02
0.02
0.02
0.02
0.02
0.02
0.02
0.02
0.02
0.02
0.02
0.02
0.02
0.02
0.02
0.02
0.02
0.02
0.02
0.02
0.02
0.02
0.02
0.02
0.02
0.02
0.02
0.02
0.02
0.02
0.02
0.02
0.02
0.02
0.02
0.02
0.02
0.02
0.02
0.02
0.02
0.02
0.02
0.02
0.02
0.02
0.02
0.02
0.02
0.02
0.02
0.02
0.02
0.02
0.02
0.02
0.02
0.02
0.02
0.02
0.02
0.02
0.02
0.02
0.02
0.02
0.02
0.02
0.02
0.02
0.02
0.02
0.02
0.02
0.02
0.02
0.02
0.02
0.02
0.02
0.02
0.02
0.02
0.02
0.02
0.02
0.02
0.02
0.02
0.02
0.02
0.02
0.02
0.02
0.02
0.02
0.02
0.01
0.01
0.01
0.01
0.01
0.01
0.01
0.01
0.01
0.01
0.01
0.01
0.01
0.01
0.01
0.01
0.01
0.01
0.01
0.01
0.01
0.01
0.01
0.01
Sampling Rate: 381.00 Hz
0.01
0.01
0.01
0.01
0.01
0.01
0.01
0.01
0.01
0.01
0.01
0.01
0.01
0.01
0.01
0.01
0.01
0.01
0.01
0.01
0.01
0.01
0.01
0.01
0.01
0.01
0.01
0.01
0.01
0.01
0.01
0.01
0.01
0.01
0.01
0.01
0.01
0.01
0.01
0.01
0.01
0.01
0.01
0.01
0.01
0.01
0.01
0.01
0.01
0.01
0.01
0.01
0.01
0.01
0.01
0.01
0.01
0.01
0.01
0.01
0.01
0.01
0.01
0.01
0.01
0.01
0.01
0.01
0.01
0.01
0.01
0.01
0.01
0.01
0.01
0.01
0.01
0.01
0.01
0.01
0.01
0.01
0.01
0.01
0.01
0.01
0.01
0.01
0.01
0.01
0.01
0.01
0.01
0.01
0.01
0.01
0.01
0.01
0.01
0.01
0.01
0.01
0.01
0.01
0.01
0.01
0.01
0.01
0.01
0.01
0.01
0.01
0.01
0.01
0.01
0.01
0.01
0.01
0.01
0.01
0.01
0.01
0.01
0.01
0.01
0.01
0.01
0.01
0.01
0.01
0.01
0.01
0.01
0.01
0.01
0.01
0.01
0.01
0.01
0.01
0.01
0.01
0.01
0.01
0.01
0.01
0.01
0.01
0.01
0.01
0.01
0.01
0.01
0.01
0.01
0.01
0.01
0.01
0.01
0.01
0.01
0.01
0.01
0.01
0.01
0.01
0.01
0.01
0.01
0.01
0.01
0.01
0.01
0.01
0.01
0.01
0.01
0.01
0.01
0.01
0.01
0.01
0.01
0.01
0.01
0.01
0.01
0.01
0.01
0.01
0.01
0.01
0.01
0.01
0.01
0.01
0.01
0.01
0.01
0.01
0.01
0.01
0.01
0.01
0.01
0.01
0.01
0.01
0.01
0.01
0.01
0.01
0.01
0.01
0.01
0.01
0.01
0.01
0.01
0.01
0.01
0.01
0.01
0.01
0.01
0.01
0.01
0.01
0.01
0.01
0.01
0.01
0.01
0.01
0.01
0.01
0.01
0.01
0.01
0.01
0.01
0.01
0.01
0.01
0.01
0.01
0.01
0.01
0.01
0.01
0.01
0.01
0.01
0.01
0.01
0.01
0.01
0.01
0.01
0.01
0.01
0.01
0.01
0.01
0.01
0.01
0.01
0.01
0.01
0.01
0.01
0.01
0.01
0.01
0.01
0.01
0.01
0.01
0.01
0.01
0.01
0.01
0.01
0.01
0.01
0.01
0.01
0.01
0.01
0.01
0.01
0.01
0.01
0.01
0.01
0.01
0.01
0.01
0.01
0.01
0.01
0.01
0.01
0.01
0.01
0.01
0.01
0.01
0.01
0.01
0.01
0.01
0.01
0.01
0.01
0.01
0.01
0.01
0.01
0.01
0.01
0.01
0.01
0.01
0.01
0.01
0.01
0.01
0.01
0.01
0.01
0.01
0.01
0.01
0.01
0.01
0.01
0.01
0.01
0.01
0.01
0.01
0.01
0.01
0.01
0.01
0.01
0.01
0.01
0.01
0.01
0.01
0.01
0.01
0.01
0.01
0.01
0.01
0.01
0.01
0.01
0.01
0.01
0.01
0.01
0.01
0.01
0.01
0.01
0.01
0.01
0.01
0.01
0.01
0.01
0.01
0.01
0.01
0.01
0.01
Sampling Rate: 380.00 Hz
0.01
0.01
0.01
0.01
0.01
0.01
0.01
0.01
0.01
0.01
0.01
0.01
0.01
0.01
0.01
0.01
0.01
0.01
0.01
0.01
0.01
0.01
0.01
0.01
0.01
0.01
0.01
0.01
0.01
0.01
0.01
0.01
0.01
0.01
0.01
0.01
0.01
0.01
0.01
0.01
0.01
0.01
0.01
0.01
0.01
0.01
0.01
0.01
0.01
0.01
0.01
0.01
0.01
0.01
0.01
0.01
0.01
0.01
0.01
0.01
0.01
0.01
0.01
0.01
0.01
0.01
0.01
0.01
0.01
0.01
0.01
0.01
0.01
0.01
0.01
0.01
0.01
0.01
0.01
0.01
0.01
0.01
0.01
0.01
0.01
0.01
0.01
0.01
0.01
0.01
0.01
0.01
0.01
0.01
0.01
0.01
0.01
0.01
0.01
0.01
0.01
0.01
0.01
0.01
0.01
0.01
0.01
0.01
0.01
0.01
0.01
0.01
0.01
0.01
0.01
0.01
0.01
0.01
0.01
0.01
0.01
0.01
0.01
0.01
0.01
0.01
0.01
0.01
0.01
0.01
0.01
0.01
0.01
0.01
0.01
0.01
0.01
0.01
0.01
0.01
0.01
0.01
0.01
0.01
0.01
0.01
0.01
0.01
0.01
0.01
0.01
0.01
0.01
0.01
0.01
0.01
0.01
0.01
0.01
0.01
0.01
0.01
0.01
0.01
0.01
0.01
0.01
0.01
0.01
0.01
0.01
0.01
0.01
0.01
0.01
0.01
0.01
0.01
0.01
0.01
0.01
0.01
0.01
0.01
0.01
0.01
0.01
0.01
0.01
0.01
0.01
0.01
0.01
0.01
0.01
0.01
0.01
0.01
0.01
0.01
0.01
0.01
0.01
0.01
0.01
0.01
0.01
0.01
0.01
0.01
0.01
0.01
0.01
0.01
0.01
0.01
0.01
0.01
0.01
0.01
0.01
0.01
0.01
0.01
0.01
0.01
0.01
0.01
0.01
0.01
0.01
0.01
0.01
0.01
0.01
0.01
0.01
0.01
0.01
0.01
0.01
0.01
0.01
0.01
0.01
0.01
0.01
0.01
0.01
0.01
0.01
0.01
0.01
0.01
0.01
0.01
0.01
0.01
0.01
0.01
0.01
0.01
0.01
0.01
0.01
0.01
0.01
0.01
0.01
0.01
0.01
0.01
0.01
0.01
0.01
0.01
0.01
0.01
0.01
0.01
0.01
0.01
0.01
0.01
0.01
0.01
0.01
0.01
0.01
0.01
0.01
0.01
0.01
0.01
0.01
0.01
0.01
0.01
0.01
0.01
0.01
0.01
0.01
0.01
0.01
0.01
0.01
0.01
0.01
0.01
0.01
0.01
0.01
0.01
0.01
0.01
0.01
0.01
0.01
0.01
0.01
0.01
0.01
0.01
0.01
0.01
0.01
0.01
0.01
0.01
0.01
0.01
0.01
0.01
0.01
0.01
0.01
0.01
0.01
0.01
0.01
0.01
0.01
0.01
0.01
0.01
0.01
0.01
0.01
0.01
0.01
0.01
0.01
0.01
0.01
0.01
0.01
0.01
0.01
0.01
0.01
0.01
0.01
0.01
0.01
0.01
0.01
0.01
0.01
0.01
0.01
0.01
0.01
0.01
0.01
0.01
0.01
0.01
0.01
Sampling Rate: 379.00 Hz
0.01
0.01
0.01
0.01
0.01
0.01
0.01
0.01
0.01
0.01
0.01
0.01
0.01
0.01
0.01
0.01
0.01
0.01
0.01
0.01
0.01
0.01
0.01
0.01
0.01
0.01
0.01
0.01
0.01
0.01
0.01
0.01
0.01
0.01
0.01
0.01
0.01
0.01
0.01
0.01
0.01
0.01
0.01
0.01
0.01
0.01
0.01
0.01
0.01
0.01
0.01
0.01
0.01
0.01
0.01
0.01
0.01
0.01
0.01
0.01
0.01
0.01
0.01
0.01
0.01
0.01
0.01
0.01
0.01
0.01
0.01
0.01
0.01
0.01
0.01
0.01
0.01
0.01
0.01
0.01
0.01
0.01
0.01
0.01
0.01
0.01
0.01
0.01
0.01
0.01
0.01
0.01
0.01
0.01
0.01
0.01
0.01
0.01
0.01
0.01
0.01
0.01
0.01
0.01
0.01
0.01
0.01
0.01
0.01
0.01
0.01
0.01
0.01
0.01
0.01
0.01
0.01
0.01
0.01
0.01
0.01
0.01
0.01
0.01
0.01
0.01
0.01
0.01
0.01
0.01
0.01
0.01
0.01
0.01
0.01
0.01
0.01
0.01
0.01
0.01
0.01
0.01
0.01
0.01
0.01
0.01
0.01
0.01
0.01
0.01
0.01
0.01
0.01
0.01
0.01
0.01
0.01
0.01
0.01
0.01
0.01
0.01
0.01
0.01
0.01
0.01
0.01
0.01
0.01
0.01
0.01
0.01
0.01
0.01
0.01
0.01
0.01
0.01
0.01
0.01
0.01
0.01
0.01
0.01
0.01
0.01
0.01
0.01
0.01
0.01
0.01
0.01
0.01
0.01
0.01
0.01
0.01
0.01
0.01
0.01
0.01
0.01
0.01
0.01
0.01
0.01
0.01
0.01
0.01
0.01
0.01
0.01
0.01
0.01
0.01
0.01
0.01
0.01
0.01
0.01
0.01
0.01
0.01
0.01
0.01
0.01
0.01
0.01
0.01
0.01
0.01
0.01
0.01
0.01
0.01
0.01
0.01
0.01
0.01
0.01
0.01
0.01
0.01
0.01
0.01
0.01
0.01
0.01
0.01
0.01
0.01
0.01
0.01
0.01
0.01
0.01
0.01
0.01
0.01
0.01
0.01
0.01
0.01
0.01
0.01
0.01
0.01
0.01
0.01
0.01
0.01
0.01
0.01
0.01
0.01
0.01
0.01
0.01
0.01
0.01
0.01
0.01
0.01
0.01
0.01
0.01
0.01
0.01
0.01
0.01
0.01
0.01
0.01
0.01
0.01
0.01
0.01
0.01
0.01
0.01
0.01
0.01
0.01
0.01
0.01
0.01
0.01
0.01
0.01
0.01
0.01
0.01
0.01
0.01
0.01
0.01
0.01
0.01
0.01
0.01
0.01
0.01
0.01
0.01
0.01
0.01
0.01
0.01
0.01
0.01
0.01
0.01
0.01
0.01
0.01
0.01
0.01
0.01
0.01
0.01
0.01
0.01
0.01
0.01
0.01
0.01
0.01
0.01
0.01
0.01
0.01
0.01
0.01
0.01
0.01
0.01
0.01
0.01
0.01
0.01
0.01
0.01
0.01
0.01
0.01
0.01
0.01
0.01
0.01
0.01
0.01
0.01
0.01
0.01
0.01
0.01
0.01
0.01
0.01
Sampling Rate: 379.00 Hz
0.01
0.01
0.01
0.01
0.01
0.01
0.01
0.01
0.01
0.01
0.01
0.01
0.01
0.01
0.01
0.01
0.01
0.01
0.01
0.01
0.01
0.01
0.01
0.01
0.01
0.01
0.01
0.01
0.01
0.01
0.01
0.01
0.01
0.01
0.01
0.01
0.01
0.01
0.01
0.01
0.01
0.01
0.01
0.01
0.01
0.01
0.01
0.01
0.01
0.01
0.01
0.01
0.01
0.01
0.01
0.01
0.01
0.01
0.01
0.01
0.01
0.01
0.01
0.01
0.01
0.01
0.01
0.01
0.01
0.01
0.01
0.01
0.01
0.01
0.01
0.01
0.01
0.01
0.01
0.01
0.01
0.01
0.01
0.01
0.01
0.01
0.01
0.01
0.01
0.01
0.01
0.01
0.01
0.01
0.01
0.01
0.01
0.01
0.01
0.01
0.01
0.01
0.01
0.01
0.01
0.01
0.01
0.01
0.01
0.01
0.01
0.01
0.01
0.01
0.01
0.01
0.01
0.01
0.01
0.01
0.01
0.01
0.01
0.01
0.01
0.01
0.01
0.01
0.01
0.01
0.01
0.01
0.01
0.01
0.01
0.01
0.01
0.01
0.01
0.01
0.01
0.01
0.01
0.01
0.01
0.01
0.01
0.01
0.01
0.01
0.01
0.01
0.01
0.01
0.01
0.01
0.01
0.01
0.01
0.01
0.01
0.01
0.01
0.01
0.01
0.01
0.01
0.01
0.01
0.01
0.01
0.01
0.01
0.01
0.01
0.01
0.01
0.01
0.01
0.01
0.01
0.01
0.01
0.01
0.01
0.01
0.01
0.01
0.01
0.01
0.01
0.01
0.01
0.01
0.01
0.01
0.01
0.01
0.01
0.01
0.01
0.01
0.01
0.01
0.01
0.01
0.01
0.01
0.01
0.01
0.01
0.01
0.01
0.01
0.01
0.01
0.01
0.01
0.01
0.01
0.01
0.01
0.01
0.01
0.01
0.01
0.01
0.01
0.01
0.01
0.01
0.01
0.01
0.01
0.01
0.01
0.01
0.01
0.01
0.01
0.01
0.01
0.01
0.01
0.01
0.01
0.01
0.01
0.01
0.01
0.01
0.01
0.01
0.01
0.01
0.01
0.01
0.01
0.01
0.01
0.01
0.01
0.01
0.01
0.01
0.01
0.01
0.01
0.01
0.01
0.01
0.01
0.01
0.01
0.01
0.01
0.01
0.01
0.01
0.01
0.01
0.01
0.01
0.01
0.01
0.01
0.01
0.01
0.01
0.01
0.01
0.01
0.01
0.01
0.01
0.01
0.01
0.01
0.01
0.01
0.01
0.01
0.01
0.01
0.01
0.01
0.01
0.01
0.01
0.01
0.01
0.01
0.01
0.01
0.01
0.01
0.01
0.01
0.01
0.01
0.01
0.01
0.01
0.01
0.01
0.01
0.01
0.01
0.01
0.01
0.01
0.01
0.01
0.01
0.01
0.01
0.01
0.01
0.01
0.01
0.01
0.01
0.01
0.01
0.01
0.01
0.01
0.01
0.01
0.01
0.01
0.01
0.01
0.01
0.01
0.01
0.01
0.01
0.01
0.01
0.01
0.01
0.01
0.01
0.01
0.01
0.01
0.01
0.01
0.01
0.01
0.01
0.01
0.01
0.01
0.01
0.01
0.01
0.01
Sampling Rate: 379.00 Hz
0.01
0.01
0.01
0.01
0.01
0.01
0.01
0.01
0.01
0.01
0.01
0.01
0.01
0.01
0.01
0.01
0.01
0.01
0.01
0.01
0.01
0.01
0.01
0.01
0.01
0.01
0.01
0.01
0.01
0.01
0.01
0.01
0.01
0.01
0.01
0.01
0.01
0.01
0.01
0.01
0.01
0.01
0.01
0.01
0.01
0.01
0.01
0.01
0.01
0.01
0.01
0.01
0.01
0.01
0.01
0.01
0.01
0.01
0.01
0.01
0.01
0.01
0.01
0.01
0.01
0.01
0.01
0.01
0.01
0.01
0.01
0.01
0.01
0.01
0.01
0.01
0.01
0.01
0.01
0.01
0.01
0.01
0.01
0.01
0.01
0.01
0.01
0.01
0.01
0.01
0.01
0.01
0.01
0.01
0.01
0.01
0.01
0.01
0.01
0.01
0.01
0.01
0.01
0.01
0.01
0.01
0.01
0.01
0.01
0.01
0.01
0.01
0.01
0.01
0.01
0.01
0.01
0.01
0.01
0.01
0.01
0.01
0.01
0.01
0.01
0.01
0.01
0.01
0.01
0.01
0.01
0.01
0.01
0.01
0.01
0.01
0.01
0.01
0.01
0.01
0.01
0.01
0.01
0.01
0.01
0.01
0.01
0.01
0.01
0.01
0.01
0.01
0.01
0.01
0.01
0.01
0.01
0.01
0.01
0.01
0.01
0.01
0.01
0.01
0.01
0.01
0.01
0.01
0.01
0.01
0.01
0.01
0.01
0.01
0.01
0.01
0.01
0.01
0.01
0.01
0.01
0.01
0.01
0.01
0.01
0.01
0.01
0.01
0.01
0.01
0.01
0.01
0.01
0.01
0.01
0.01
0.01
0.01
0.01
0.01
0.01
0.01
0.01
0.01
0.01
0.01
0.01
0.01
0.01
0.01
0.01
0.01
0.01
0.01
0.01
0.01
0.01
0.01
0.01
0.01
0.01
0.01
0.01
0.01
0.01
0.01
0.01
0.01
0.01
0.01
0.01
0.01
0.01
0.01
0.01
0.01
0.01
0.01
0.01
0.01
0.01
0.01
0.01
0.01
0.01
0.01
0.01
0.01
0.01
0.01
0.01
0.01
0.01
0.01
0.01
0.01
0.01
0.01
0.01
0.01
0.01
0.01
0.01
0.01
0.01
0.01
0.01
0.01
0.01
0.01
0.01
0.01
0.01
0.01
0.01
0.01
0.01
0.01
0.01
0.01
0.01
0.01
0.01
0.01
0.01
0.01
0.01
0.01
0.01
0.01
0.01
0.01
0.01
0.01
0.01
0.01
0.01
0.01
0.01
0.01
0.01
0.01
0.01
0.01
0.01
0.01
0.01
0.01
0.01
0.01
0.01
0.01
0.01
0.01
0.01
0.01
0.01
0.01
0.01
0.01
0.01
0.01
0.01
0.01
0.01
0.01
0.01
0.01
0.01
0.01
0.01
0.01
0.01
0.01
0.01
0.01
0.01
0.01
0.01
0.01
0.01
0.01
0.01
0.01
0.01
0.01
0.01
0.01
0.01
0.01
0.01
0.01
0.01
0.01
0.01
0.01
0.01
0.01
0.01
0.01
0.01
0.01
0.01
0.01
0.01
0.01
0.01
0.01
0.01
0.01
0.01
0.01
0.01
0.01
0.01
0.01
0.01
0.01
0.01
Sampling Rate: 379.00 Hz
0.01
0.01
0.01
0.01
0.01
0.01
0.01
0.01
0.01
0.01
0.01
0.01
0.01
0.01
0.01
0.01
0.01
0.01
0.01
0.01
0.01
0.01
0.01
0.01
0.01
0.01
0.01
0.01
0.01
0.01
0.01
0.01
0.01
0.01
0.01
0.01
0.01
0.01
0.01
0.01
0.01
0.01
0.01
0.01
0.01
0.01
0.01
0.01
0.01
0.01
0.01
0.01
0.01
0.01
0.01
0.01
0.01
0.01
0.01
0.01
0.01
0.01
0.01
0.01
0.01
0.01
0.01
0.01
0.01
0.01
0.01
0.01
0.01
0.01
0.01
0.01
0.01
0.01
0.01
0.01
0.01
0.01
0.01
0.01
0.01
0.01
0.01
0.01
0.01
0.01
0.01
0.01
0.01
0.01
0.01
0.01
0.01
0.01
0.01
0.01
0.01
0.01
0.01
0.01
0.01
0.01
0.01
0.01
0.01
0.01
0.01
0.01
0.01
0.01
0.01
0.01
0.01
0.01
0.01
0.01
0.01
0.01
0.01
0.01
0.01
0.01
0.01
0.01
0.01
0.01
0.01
0.01
0.01
0.01
0.01
0.01
0.01
0.01
0.01
0.01
0.01
0.01
0.01
0.01
0.01
0.01
0.01
0.01
0.01
0.01
0.01
0.01
0.01
0.01
0.01
0.01
0.01
0.01
0.01
0.01
0.01
0.01
0.01
0.01
0.01
0.01
0.01
0.01
0.01
0.01
0.01
0.01
0.01
0.01
0.01
0.01
0.01
0.01
0.01
0.01
0.01
0.01
0.01
0.01
0.01
0.01
0.01
0.01
0.01
0.01
0.01
0.01
0.01
0.01
0.01
0.01
0.01
0.01
0.01
0.01
0.01
0.01
0.01
0.01
0.01
0.01
0.01
0.01
0.01
0.01
0.01
0.01
0.01
0.01
0.01
0.01
0.01
0.01
0.01
0.01
0.01
0.01
0.01
0.01
0.01
0.01
0.01
0.01
0.01
0.01
0.01
0.01
0.01
0.01
0.01
0.01
0.01
0.01
0.01
0.01
0.01
0.01
0.01
0.01
0.01
0.01
0.01
0.01
0.01
0.01
0.01
0.01
0.01
0.01
0.01
0.01
0.01
0.01
0.01
0.01
0.01
0.01
0.01
0.01
0.01
0.01
0.01
0.01
0.01
0.01
0.01
0.01
0.01
0.01
0.01
0.01
0.01
0.01
0.01
0.01
0.01
0.01
0.01
0.01
0.01
0.01
0.01
0.01
0.01
0.01
0.01
0.01
0.01
0.01
0.01
0.01
0.01
0.01
0.01
0.01
0.01
0.01
0.01
0.01
0.01
0.01
0.01
0.01
0.01
0.01
0.01
0.01
0.01
0.01
0.01
0.01
0.01
0.01
0.01
0.01
0.01
0.01
0.01
0.01
0.01
0.01
0.01
0.01
0.01
0.01
0.01
0.01
0.01
0.01
0.01
0.01
0.01
0.01
0.01
0.01
0.01
0.01
0.01
0.01
0.01
0.01
0.01
0.01
0.01
0.01
0.01
0.01
0.01
0.01
0.01
0.01
0.01
0.01
0.01
0.01
0.01
0.01
0.01
0.01
0.01
0.01
0.01
0.01
0.01
0.01
0.01
0.01
0.01
0.01
0.01
0.01
0.01
0.01
0.01
Sampling Rate: 379.00 Hz
0.01
0.01
0.01
0.01
0.01
0.01
0.01
0.01
0.01
0.01
0.01
0.01
0.01
0.01
0.01
0.01
0.01
0.01
0.01
0.01
0.01
0.01
0.01
0.01
0.01
0.01
0.01
0.01
0.01
0.01
0.01
0.01
0.01
0.01
0.01
0.01
0.01
0.01
0.01
0.01
0.01
0.01
0.01
0.01
0.01
0.01
0.01
0.01
0.01
0.01
0.01
0.01
0.01
0.01
0.01
0.01
0.01
0.01
0.01
0.01
0.01
0.01
0.01
0.01
0.01
0.01
0.01
0.01
0.01
0.01
0.01
0.01
0.01
0.01
0.01
0.01
0.01
0.01
0.01
0.01
0.01
0.01
0.01
0.01
0.01
0.01
0.01
0.01
0.01
0.01
0.01
0.01
0.01
0.01
0.01
0.01
0.01
0.01
0.01
0.01
0.01
0.01
0.01
0.01
0.01
0.01
0.01
0.01
0.01
0.01
0.01
0.01
0.01
0.01
0.01
0.01
0.01
0.01
0.01
0.01
0.01
0.01
0.01
0.01
0.01
0.01
0.01
0.01
0.01
0.01
0.01
0.01
0.01
0.01
0.01
0.01
0.01
0.01
0.01
0.01
0.01
0.01
0.01
0.01
0.01
0.01
0.01
0.01
0.01
0.01
0.01
0.01
0.01
0.01
0.01
0.01
0.01
0.01
0.01
0.01
0.01
0.01
0.01
0.01
0.01
0.01
0.01
0.01
0.01
0.01
0.01
0.01
0.01
0.01
0.01
0.01
0.01
0.01
0.01
0.01
0.01
0.01
0.01
0.01
0.01
0.01
0.01
0.01
0.01
0.01
0.01
0.01
0.01
0.01
0.01
0.01
0.01
0.01
0.01
0.01
0.01
0.01
0.01
0.01
0.01
0.01
0.01
0.01
0.01
0.01
0.01
0.01
0.01
0.01
0.01
0.01
0.01
0.01
0.01
0.01
0.01
0.01
0.01
0.01
0.01
0.01
0.01
0.01
0.01
0.01
0.01
0.01
0.01
0.01
0.01
0.01
0.01
0.01
0.01
0.01
0.01
0.01
0.01
0.01
0.01
0.01
0.01
0.01
0.01
0.01
0.01
0.01
0.01
0.01
0.01
0.01
0.01
0.01
0.01
0.01
0.01
0.01
0.01
0.01
0.01
0.01
0.01
0.01
0.01
0.01
0.01
0.01
0.01
0.01
0.01
0.01
0.01
0.01
0.01
0.01
0.01
0.01
0.01
0.01
0.01
0.01
0.01
0.01
0.01
0.01
0.01
0.01
0.01
0.01
0.01
0.01
0.01
0.01
0.01
0.01
0.01
0.01
0.01
0.01
0.01
0.01
0.01
0.01
0.01
0.01
0.01
0.01
0.01
0.01
0.01
0.01
0.01
0.01
0.01
0.01
0.01
0.01
0.01
0.01
0.01
0.01
0.01
0.01
0.01
0.01
0.01
0.01
0.01
0.01
0.01
0.01
0.01
0.01
0.01
0.01
0.01
0.01
0.01
0.01
0.01
0.01
0.01
0.01
0.01
0.01
0.01
0.01
0.01
0.01
0.01
0.01
0.01
0.01
0.01
0.01
0.01
0.01
0.01
0.01
0.01
0.01
0.01
0.01
0.01
0.01
0.01
0.01
0.01
0.01
0.01
0.01
0.01
0.01
0.01
Sampling Rate: 379.00 Hz
0.01
0.01
0.01
0.01
0.01
0.01
0.01
0.01
0.01
0.01
0.01
0.01
0.01
0.01
0.01
0.01
0.01
0.01
0.01
0.01
0.01
0.01
0.01
0.01
0.01
0.01
0.01
0.01
0.01
0.01
0.01
0.01
0.01
0.01
0.01
0.02
0.05
0.08
0.11
0.15
0.19
0.23
0.27
0.31
0.35
0.38
0.42
0.45
0.48
0.52
0.57
0.63
0.69
0.75
0.80
0.86
0.92
0.97
1.02
1.07
1.12
1.16
1.20
1.24
1.27
1.30
1.33
1.36
1.38
1.41
1.43
1.45
1.47
1.48
1.50
1.51
1.52
1.53
1.54
1.55
1.56
1.57
1.57
1.58
1.58
1.58
1.59
1.59
1.59
1.59
1.59
1.59
1.59
1.59
1.59
1.59
1.58
1.58
1.58
1.57
1.57
1.57
1.56
1.56
1.55
1.55
1.54
1.54
1.53
1.53
1.52
1.52
1.51
1.51
1.50
1.50
1.49
1.48
1.48
1.46
1.43
1.39
1.35
1.30
1.25
1.21
1.16
1.12
1.08
1.03
0.99
0.96
0.92
0.89
0.85
0.82
0.79
0.77
0.74
0.72
0.69
0.67
0.65
0.63
0.61
0.60
0.58
0.56
0.55
0.53
0.52
0.51
0.50
0.49
0.46
0.42
0.38
0.34
0.29
0.24
0.19
0.15
0.10
0.06
0.02
-0.02
-0.07
-0.13
-0.20
-0.27
-0.34
-0.40
-0.47
-0.53
-0.59
-0.65
-0.70
-0.75
-0.80
-0.85
-0.89
-0.93
-0.97
-1.00
-1.03
-1.06
-1.09
-1.11
-1.14
-1.16
-1.18
-1.19
-1.21
-1.23
-1.24
-1.25
-1.26
-1.27
-1.28
-1.29
-1.30
-1.30
-1.31
-1.31
-1.32
-1.32
-1.32
-1.33
-1.33
-1.33
-1.33
-1.33
-1.33
-1.33
-1.33
-1.33
-1.33
-1.32
-1.32
-1.32
-1.32
-1.31
-1.31
-1.31
-1.30
-1.30
-1.30
-1.29
-1.29
-1.28
-1.28
-1.27
-1.27
-1.27
-1.26
-1.26
-1.25
-1.25
-1.24
-1.24
-1.23
-1.23
-1.22
-1.22
-1.21
-1.21
-1.20
-1.20
-1.19
-1.18
-1.18
-1.17
-1.17
-1.16
-1.16
-1.15
-1.15
-1.14
-1.14
-1.13
-1.13
-1.12
-1.12
-1.11
-1.10
-1.10
-1.09
-1.09
-1.08
-1.08
-1.07
-1.07
-1.06
-1.06
-1.05
-1.05
-1.04
-1.04
-1.03
-1.03
-1.02
-1.02
-1.03
-1.05
-1.07
-1.11
-1.14
-1.18
-1.21
-1.24
-1.28
-1.31
-1.34
-1.35
-1.35
-1.35
-1.33
-1.32
-1.30
-1.27
-1.24
-1.19
-1.13
-1.07
-1.01
-0.95
-0.88
-0.79
-0.70
-0.61
-0.52
-0.43
-0.33
-0.22
-0.10
0.01
0.12
0.23
0.33
0.43
0.53
0.60
0.66
0.71
0.75
0.78
0.81
0.82
0.81
0.79
0.77
0.74
0.71
0.68
0.65
0.62
0.59
0.56
0.53
0.50
0.47
0.45
0.42
0.40
0.38
0.36
0.34
0.32
0.30
0.29
0.27
0.26
0.24
0.23
0.22
0.21
0.20
0.19
0.18
0.17
0.16
0.17
0.19
0.21
0.24
0.27
0.31
0.34
0.38
0.41
0.44
0.47
0.50
0.53
0.56
0.58
0.60
0.62
0.64
0.66
Sampling Rate: 380.00 Hz
0.68
0.70
0.71
0.72
0.74
0.75
0.76
0.77
0.78
0.78
0.79
0.80
0.80
0.81
0.81
0.82
0.82
0.82
0.83
0.83
0.83
0.83
0.83
0.83
0.83
0.83
0.83
0.83
0.83
0.83
0.83
0.83
0.83
0.83
0.83
0.82
0.82
0.82
0.82
0.82
0.81
0.81
0.81
0.81
0.80
0.80
0.80
0.79
0.79
0.79
0.79
0.78
0.78
0.78
0.77
0.77
0.77
0.76
0.78
0.80
0.83
0.86
0.89
0.93
0.97
1.00
1.04
1.07
1.10
1.13
1.16
1.19
1.21
1.23
1.25
1.27
1.29
1.31
1.34
1.38
1.42
1.47
1.52
1.57
1.61
1.66
1.70
1.75
1.79
1.82
1.86
1.89
1.92
1.95
1.97
1.99
2.02
2.03
2.05
2.07
2.08
2.09
2.10
2.11
2.12
2.13
2.14
2.14
2.14
2.15
2.14
2.11
2.08
2.04
2.00
1.96
1.92
1.88
1.84
1.80
1.76
1.72
1.69
1.65
1.62
1.59
1.56
1.53
1.50
1.48
1.45
1.43
1.41
1.38
1.36
1.34
1.32
1.31
1.29
1.27
1.26
1.24
1.23
1.21
1.20
1.19
1.17
1.16
1.15
1.14
1.13
1.12
1.11
1.10
1.09
1.08
1.07
1.06
1.05
1.05
1.04
1.02
0.98
0.94
0.90
0.85
0.81
0.76
0.71
0.67
0.63
0.59
0.55
0.51
0.46
0.40
0.34
0.27
0.20
0.14
0.07
0.01
-0.05
-0.11
-0.16
-0.21
-0.26
-0.31
-0.35
-0.39
-0.43
-0.46
-0.50
-0.53
-0.56
-0.58
-0.61
-0.63
-0.65
-0.67
-0.69
-0.70
-0.72
-0.73
-0.75
-0.76
-0.77
-0.78
-0.79
-0.80
-0.80
-0.81
-0.82
-0.82
-0.83
-0.83
-0.84
-0.84
-0.84
-0.84
-0.85
-0.85
-0.85
-0.85
-0.85
-0.85
-0.85
-0.85
-0.85
-0.85
-0.85
-0.85
-0.85
-0.84
-0.84
-0.84
-0.84
-0.84
-0.83
-0.83
-0.83
-0.83
-0.82
-0.82
-0.82
-0.82
-0.81
-0.81
-0.81
-0.80
-0.80
-0.80
-0.79
-0.79
-0.79
-0.78
-0.78
-0.78
-0.78
-0.77
-0.77
-0.76
-0.76
-0.76
-0.75
-0.75
-0.75
-0.74
-0.74
-0.74
-0.73
-0.73
-0.73
-0.72
-0.72
-0.72
-0.71
-0.71
-0.71
-0.70
-0.70
-0.70
-0.69
-0.69
-0.69
-0.68
-0.68
-0.68
-0.67
-0.67
-0.67
-0.66
-0.66
-0.66
-0.65
-0.65
-0.65
-0.64
-0.64
-0.64
-0.63
-0.63
-0.63
-0.63
-0.62
-0.62
-0.62
-0.61
-0.61
-0.61
-0.60
-0.60
-0.60
-0.59
-0.59
-0.59
-0.59
-0.58
-0.58
-0.58
-0.57
-0.57
-0.57
-0.57
-0.56
-0.56
-0.56
-0.55
-0.55
-0.55
-0.55
-0.54
-0.54
-0.54
-0.54
-0.53
-0.53
-0.53
-0.52
-0.52
-0.52
-0.52
-0.51
-0.51
-0.51
-0.51
-0.50
-0.50
-0.50
-0.50
-0.49
-0.49
-0.49
-0.49
-0.48
-0.48
-0.48
-0.48
-0.47
-0.47
-0.47
-0.47
-0.46
-0.46
-0.46
-0.46
-0.46
-0.45
-0.45
-0.45
-0.45
-0.44
-0.44
-0.44
-0.44
-0.44
-0.43
-0.43
-0.43
-0.43
Sampling Rate: 380.00 Hz
-0.42
-0.42
-0.42
-0.42
-0.42
-0.41
-0.41
-0.41
-0.41
-0.41
-0.40
-0.40
-0.40
-0.40
-0.40
-0.39
-0.39
-0.39
-0.39
-0.39
-0.38
-0.38
-0.38
-0.38
-0.38
-0.37
-0.37
-0.37
-0.37
-0.37
-0.36
-0.36
-0.36
-0.36
-0.36
-0.36
-0.35
-0.35
-0.35
-0.35
-0.35
-0.35
-0.34
-0.34
-0.34
-0.34
-0.34
-0.33
-0.33
-0.33
-0.33
-0.33
-0.33
-0.32
-0.32
-0.32
-0.32
-0.32
-0.32
-0.32
-0.31
-0.31
-0.31
-0.31
-0.31
-0.31
-0.30
-0.30
-0.30
-0.30
-0.30
-0.30
-0.29
-0.29
-0.29
-0.29
-0.29
-0.29
-0.29
-0.28
-0.28
-0.28
-0.28
-0.28
-0.28
-0.28
-0.27
-0.27
-0.27
-0.27
-0.27
-0.27
-0.27
-0.27
-0.26
-0.26
-0.26
-0.26
-0.26
-0.26
-0.26
-0.25
-0.25
-0.25
-0.25
-0.25
-0.25
-0.25
-0.25
-0.24
-0.24
-0.24
-0.24
-0.24
-0.24
-0.24
-0.24
-0.23
-0.23
-0.23
-0.23
-0.23
-0.23
-0.23
-0.23
-0.23
-0.22
-0.22
-0.22
-0.22
-0.22
-0.22
-0.22
-0.22
-0.22
-0.21
-0.21
-0.21
-0.21
-0.21
-0.21
-0.21
-0.21
-0.21
-0.20
-0.20
-0.20
-0.20
-0.20
-0.20
-0.20
-0.20
-0.20
-0.20
-0.19
-0.19
-0.19
-0.19
-0.19
-0.19
-0.19
-0.19
-0.19
-0.19
-0.18
-0.18
-0.18
-0.18
-0.18
-0.18
-0.18
-0.18
-0.18
-0.18
-0.18
-0.17
-0.17
-0.17
-0.17
-0.17
-0.17
-0.17
-0.17
-0.17
-0.17
-0.17
-0.17
-0.16
-0.16
-0.16
-0.16
-0.16
-0.16
-0.16
-0.16
-0.16
-0.16
-0.16
-0.16
-0.15
-0.15
-0.15
-0.15
-0.15
-0.15
-0.15
-0.15
-0.15
-0.15
-0.15
-0.15
-0.15
-0.14
-0.14
-0.14
-0.14
-0.14
-0.14
-0.14
-0.14
-0.14
-0.14
-0.14
-0.14
-0.14
-0.14
-0.13
-0.13
-0.13
-0.13
-0.13
-0.13
-0.13
-0.13
-0.13
-0.13
-0.13
-0.13
-0.13
-0.13
-0.13
-0.12
-0.12
-0.12
-0.12
-0.12
-0.12
-0.12
-0.12
-0.12
-0.12
-0.12
-0.12
-0.12
-0.12
-0.12
-0.12
-0.11
-0.11
-0.11
-0.11
-0.11
-0.11
-0.11
-0.11
-0.11
-0.11
-0.11
-0.11
-0.11
-0.11
-0.11
-0.11
-0.11
-0.11
-0.10
-0.10
-0.10
-0.10
-0.10
-0.10
-0.10
-0.10
-0.10
-0.10
-0.10
-0.10
-0.10
-0.10
-0.10
-0.10
-0.10
-0.10
-0.10
-0.09
-0.09
-0.09
-0.09
-0.09
-0.09
-0.09
-0.09
-0.09
-0.09
-0.09
-0.09
-0.09
-0.09
-0.09
-0.09
-0.09
-0.09
-0.09
-0.09
-0.09
-0.09
-0.08
-0.08
-0.08
-0.08
-0.08
-0.08
-0.08
-0.08
-0.08
-0.08
-0.08
-0.08
-0.08
-0.08
-0.08
-0.08
-0.08
-0.08
-0.08
-0.08
-0.08
-0.08
-0.08
-0.08
-0.07
-0.07
-0.07
-0.07
-0.07
-0.07
-0.07
-0.07
-0.07
-0.07
-0.07
-0.07
-0.07
-0.07
-0.07
-0.07
-0.07
-0.07
-0.07
-0.07
-0.07
-0.07
-0.07
-0.07
-0.07
-0.07
-0.07
-0.07
-0.06
-0.06
-0.06
-0.06
-0.06
-0.06
-0.06
-0.06
-0.06
-0.06
-0.06
Sampling Rate: 379.00 Hz
-0.06
-0.06
-0.06
-0.06
-0.06
-0.06
-0.06
-0.06
-0.06
-0.06
-0.06
-0.06
-0.06
-0.06
-0.06
-0.06
-0.06
-0.06
-0.06
-0.06
-0.05
-0.05
-0.05
-0.05
-0.05
-0.05
-0.05
-0.05
-0.05
-0.05
-0.05
-0.05
-0.05
-0.05
-0.05
-0.05
-0.05
-0.05
-0.05
-0.05
-0.05
-0.05
-0.05
-0.05
-0.05
-0.05
-0.05
-0.05
-0.05
-0.05
-0.05
-0.05
-0.05
-0.05
-0.05
-0.05
-0.05
-0.05
-0.04
-0.04
-0.04
-0.04
-0.04
-0.04
-0.04
-0.04
-0.04
-0.04
-0.04
-0.04
-0.04
-0.04
-0.04
-0.04
-0.04
-0.04
-0.04
-0.04
-0.04
-0.04
-0.04
-0.04
-0.04
-0.04
-0.04
-0.04
-0.04
-0.04
-0.04
-0.04
-0.04
-0.04
-0.04
-0.04
-0.04
-0.04
-0.04
-0.04
-0.04
-0.04
-0.04
-0.04
-0.04
-0.04
-0.04
-0.03
-0.03
-0.03
-0.03
-0.03
-0.03
-0.03
-0.03
-0.03
-0.03
-0.03
-0.03
-0.03
-0.03
-0.03
-0.03
-0.03
-0.03
-0.03
-0.03
-0.03
-0.03
-0.03
-0.03
-0.03
-0.03
-0.03
-0.03
-0.03
-0.03
-0.03
-0.03
-0.03
-0.03
-0.03
-0.03
-0.03
-0.03
-0.03
-0.03
-0.03
-0.03
-0.03
-0.03
-0.03
-0.03
-0.03
-0.03
-0.03
-0.03
-0.03
-0.03
-0.03
-0.03
-0.03
-0.03
-0.03
-0.03
-0.03
-0.03
-0.03
-0.03
-0.02
-0.02
-0.02
-0.02
-0.02
-0.02
-0.02
-0.02
-0.02
-0.02
-0.02
-0.02
-0.02
-0.02
-0.02
-0.02
-0.02
-0.02
-0.02
-0.02
-0.02
-0.02
-0.02
-0.02
-0.02
-0.02
-0.02
-0.02
-0.02
-0.02
-0.02
-0.02
-0.02
-0.02
-0.02
-0.02
-0.02
-0.02
-0.02
-0.02
-0.02
-0.02
-0.02
-0.02
-0.02
-0.02
-0.02
-0.02
-0.02
-0.02
-0.02
-0.02
-0.02
-0.02
-0.02
-0.02
-0.02
-0.02
-0.02
-0.02
-0.02
-0.02
-0.02
-0.02
-0.02
-0.02
-0.02
-0.02
-0.02
-0.02
-0.02
-0.02
-0.02
-0.02
-0.02
-0.02
-0.02
-0.02
-0.02
-0.02
-0.02
-0.02
-0.02
-0.02
-0.02
-0.02
-0.02
-0.02
-0.02
-0.01
-0.01
-0.01
-0.01
-0.01
-0.01
-0.01
-0.01
-0.01
-0.01
-0.01
-0.01
-0.01
-0.01
-0.01
-0.01
-0.01
-0.01
-0.01
-0.01
-0.01
-0.01
-0.01
-0.01
-0.01
-0.01
-0.01
-0.01
-0.01
-0.01
-0.01
-0.01
-0.01
-0.01
-0.01
-0.01
-0.01
-0.01
-0.01
-0.01
-0.01
-0.01
-0.01
-0.01
-0.01
-0.01
-0.01
-0.01
-0.01
-0.01
-0.01
-0.01
-0.01
-0.01
-0.01
-0.01
-0.01
-0.01
-0.01
-0.01
-0.01
-0.01
-0.01
-0.01
-0.01
-0.01
-0.01
-0.01
-0.01
-0.01
-0.01
-0.01
-0.01
-0.01
-0.01
-0.01
-0.01
-0.01
-0.01
-0.01
-0.01
-0.01
-0.01
-0.01
-0.01
-0.01
-0.01
-0.01
-0.01
-0.01
-0.01
-0.01
-0.01
-0.01
-0.01
-0.01
-0.01
-0.01
-0.01
-0.01
-0.01
-0.01
-0.01
-0.01
-0.01
-0.01
-0.01
-0.01
-0.01
-0.01
-0.01
-0.01
-0.01
-0.01
-0.01
-0.01
-0.01
-0.01
-0.01
-0.01
-0.01
-0.01
-0.01
-0.01
Sampling Rate: 380.00 Hz
-0.01
-0.01
-0.01
-0.01
-0.01
-0.01
-0.01
-0.01
-0.01
-0.01
-0.01
-0.01
-0.01
-0.01
-0.01
-0.01
-0.01
-0.01
-0.01
-0.01
-0.01
-0.01
-0.01
-0.01
-0.01
-0.01
-0.01
-0.01
-0.01
-0.01
-0.01
-0.01
-0.01
-0.01
-0.01
-0.01
-0.01
-0.01
-0.01
-0.01
-0.01
-0.01
-0.01
-0.01
-0.01
-0.01
-0.01
-0.01
-0.00
-0.00
-0.00
-0.00
-0.00
-0.00
-0.00
-0.00
-0.00
-0.00
-0.00
-0.00
-0.00
-0.00
-0.00
-0.00
-0.00
-0.00
-0.00
-0.00
-0.00
-0.00
-0.00
-0.00
-0.00
-0.00
-0.00
-0.00
-0.00
-0.00
-0.00
-0.00
-0.00
-0.00
-0.00
-0.00
-0.00
-0.00
-0.00
-0.00
-0.00
-0.00
-0.00
-0.00
-0.00
-0.00
-0.00
-0.00
-0.00
-0.00
-0.00
-0.00
-0.00
-0.00
-0.00
-0.00
-0.00
-0.00
-0.00
-0.00
-0.00
-0.00
-0.00
-0.00
-0.00
-0.00
-0.00
-0.00
-0.00
-0.00
-0.00
-0.00
-0.00
-0.00
-0.00
-0.00
-0.00
-0.00
-0.00
-0.00
-0.00
-0.00
-0.00
-0.00
-0.00
-0.00
-0.00
-0.00
-0.00
-0.00
-0.00
-0.00
-0.00
-0.00
-0.00
-0.00
-0.00
-0.00
-0.00
-0.00
-0.00
-0.00
-0.00
-0.00
-0.00
-0.00
-0.00
-0.00
-0.00
-0.00
-0.00
-0.00
-0.00
-0.00
-0.00
-0.00
-0.00
-0.00
-0.00
-0.00
-0.00
-0.00
-0.00
-0.00
-0.00
-0.00
-0.00
-0.00
-0.00
-0.00
-0.00
-0.00
-0.00
-0.00
-0.00
-0.00
-0.00
-0.00
-0.00
-0.00
-0.00
-0.00
-0.00
-0.00
-0.00
-0.00
-0.00
-0.00
-0.00
-0.00
-0.00
-0.00
-0.00
-0.00
-0.00
-0.00
-0.00
-0.00
-0.00
-0.00
-0.00
-0.00
-0.00
-0.00
-0.00
-0.00
-0.00
-0.00
-0.00
-0.00
-0.00
-0.00
-0.00
-0.00
-0.00
-0.00
-0.00
-0.00
-0.00
-0.00
-0.00
-0.00
-0.00
-0.00
-0.00
-0.00
-0.00
-0.00
-0.00
-0.00
-0.00
-0.00
-0.00
-0.00
-0.00
-0.00
-0.00
-0.00
-0.00
-0.00
-0.00
-0.00
-0.00
-0.00
-0.00
-0.00
-0.00
-0.00
-0.00
-0.00
-0.00
-0.00
-0.00
-0.00
-0.00
-0.00
-0.00
-0.00
-0.00
-0.00
-0.00
-0.00
-0.00
-0.00
-0.00
-0.00
-0.00
-0.00
-0.00
-0.00
-0.00
-0.00
-0.00
-0.00
-0.00
-0.00
-0.00
-0.00
-0.00
-0.00
-0.00
-0.00
-0.00
-0.00
-0.00
-0.00
-0.00
-0.00
-0.00
-0.00
-0.00
-0.00
-0.00
-0.00
-0.00
-0.00
-0.00
-0.00
-0.00
-0.00
-0.00
-0.00
-0.00
-0.00
-0.00
-0.00
-0.00
-0.00
-0.00
-0.00
-0.00
-0.00
-0.00
-0.00
-0.00
-0.00
-0.00
-0.00
-0.00
-0.00
-0.00
-0.00
-0.00
-0.00
-0.00
-0.00
-0.00
-0.00
-0.00
-0.00
-0.00
-0.00
-0.00
-0.00
-0.00
-0.00
-0.00
-0.00
-0.00
-0.00
-0.00
-0.00
-0.00
-0.00
-0.00
-0.00
-0.00
-0.00
-0.00
-0.00
-0.00
-0.00
-0.00
-0.00
-0.00
-0.00
-0.00
-0.00
-0.00
-0.00
-0.00
-0.00
-0.00
-0.00
-0.00
-0.00
-0.00
-0.00
-0.00
-0.00
-0.00
-0.00
Sampling Rate: 380.00 Hz
-0.00
-0.00
-0.00
-0.00
-0.00
-0.00
-0.00
-0.00
-0.00
-0.00
-0.00
-0.00
-0.00
-0.00
-0.00
-0.00
-0.00
-0.00
-0.00
-0.00
-0.00
-0.00
-0.00
-0.00
-0.00
-0.00
-0.00
-0.00
-0.00
-0.00
-0.00
-0.00
-0.00
-0.00
-0.00
-0.00
-0.00
-0.00
-0.00
-0.00
-0.00
-0.00
-0.00
-0.00
-0.00
-0.00
-0.00
-0.00
-0.00
-0.00
-0.00
-0.00
-0.00
-0.00
-0.00
-0.00
-0.00
-0.00
-0.00
-0.00
-0.00
-0.00
-0.00
-0.00
-0.00
-0.00
-0.00
-0.00
-0.00
-0.00
-0.00
-0.00
-0.00
-0.00
-0.00
-0.00
-0.00
-0.00
-0.00
-0.00
-0.00
-0.00
-0.00
-0.00
-0.00
-0.00
-0.00
-0.00
-0.00
-0.00
-0.00
-0.00
-0.00
-0.00
-0.00
-0.00
-0.00
-0.00
-0.00
-0.00
-0.00
-0.00
-0.00
-0.00
-0.00
-0.00
-0.00
-0.00
-0.00
-0.00
-0.00
-0.00
-0.00
-0.00
-0.00
-0.00
-0.00
-0.00
-0.00
-0.00
-0.00
-0.00
-0.00
-0.00
-0.00
-0.00
-0.00
-0.00
-0.00
-0.00
-0.00
-0.00
-0.00
-0.00
-0.00
-0.00
-0.00
-0.00
-0.00
-0.00
-0.00
-0.00
-0.00
-0.00
-0.00
-0.00
-0.00
-0.00
-0.00
-0.00
-0.00
-0.00
-0.00
-0.00
-0.00
-0.00
-0.00
-0.00
-0.00
-0.00
-0.00
-0.00
-0.00
-0.00
-0.00
-0.00
-0.00
-0.00
-0.00
-0.00
-0.00
-0.00
-0.00
-0.00
-0.00
-0.00
-0.00
-0.00
-0.00
-0.00
-0.00
-0.00
-0.00
-0.00
-0.00
-0.00
-0.00
-0.00
-0.00
-0.00
-0.00
-0.00
-0.00
-0.00
-0.00
-0.00
-0.00
-0.00
-0.00
-0.00
-0.00
-0.00
-0.00
-0.00
-0.00
-0.00
-0.00
-0.00
-0.00
-0.00
-0.00
-0.00
-0.00
-0.00
-0.00
-0.00
-0.00
-0.00
-0.00
-0.00
-0.00
-0.00
-0.00
-0.00
-0.00
-0.00
-0.00
-0.00
-0.00
-0.00
-0.00
-0.00
-0.00
-0.00
-0.00
-0.00
-0.00
-0.00
-0.00
-0.00
-0.00
-0.00
-0.00
-0.00
-0.00
-0.00
-0.00
-0.00
-0.00
-0.00
-0.00
-0.00
-0.00
-0.00
-0.00
-0.00
-0.00
-0.00
-0.00
-0.00
-0.00
-0.00
-0.00
-0.00
-0.00
-0.00
-0.00
-0.00
-0.00
-0.00
-0.00
-0.00
-0.00
-0.00
-0.00
-0.00
-0.00
-0.00
-0.00
-0.00
-0.00
-0.00
-0.00
-0.00
-0.00
-0.00
-0.00
-0.00
-0.00
-0.00
-0.00
-0.00
-0.00
-0.00
-0.00
-0.00
-0.00
-0.00
-0.00
-0.00
-0.00
-0.00
-0.00
-0.00
-0.00
-0.00
-0.00
-0.00
-0.00
-0.00
-0.00
-0.00
-0.00
-0.00
-0.00
-0.00
-0.00
-0.00
-0.00
-0.00
-0.00
-0.00
-0.00
-0.00
-0.00
-0.00
-0.00
-0.00
-0.00
-0.00
-0.00
-0.00
-0.00
-0.00
-0.00
-0.00
-0.00
-0.00
-0.00
-0.00
-0.00
-0.00
-0.00
-0.00
-0.00
-0.00
-0.00
-0.00
-0.00
-0.00
-0.00
-0.00
-0.00
-0.00
-0.00
-0.00
-0.00
-0.00
-0.00
-0.00
-0.00
-0.00
-0.00
-0.00
-0.00
-0.00
-0.00
-0.00
-0.00
-0.00
-0.00
-0.00
-0.00
-0.00
-0.00
-0.00
-0.00
-0.00
Sampling Rate: 378.00 Hz
-0.00
-0.00
-0.00
-0.00
-0.00
-0.00
-0.00
-0.00
-0.00
-0.00
-0.00
-0.00
-0.00
-0.00
-0.00
-0.00
-0.00
-0.00
-0.00
-0.00
-0.00
-0.00
-0.00
-0.00
-0.00
-0.00
-0.00
-0.00
-0.00
-0.00
-0.00
-0.00
-0.00
-0.00
-0.00
-0.00
-0.00
-0.00
-0.00
-0.00
-0.00
-0.00
-0.00
-0.00
-0.00
-0.00
-0.00
-0.00
-0.00
-0.00
-0.00
-0.00
-0.00
-0.00
-0.00
-0.00
-0.00
-0.00
-0.00
-0.00
-0.00
-0.00
-0.00
-0.00
-0.00
-0.00
-0.00
-0.00
-0.00
-0.00
-0.00
-0.00
-0.00
-0.00
-0.00
-0.00
-0.00
-0.00
-0.00
-0.00
-0.00
-0.00
-0.00
-0.00
-0.00
-0.00
-0.00
-0.00
-0.00
-0.00
-0.00
-0.00
-0.00
-0.00
-0.00
-0.00
-0.00
-0.00
-0.00
-0.00
-0.00
-0.00
-0.00
-0.00
-0.00
-0.00
-0.00
-0.00
-0.00
-0.00
-0.00
-0.00
-0.00
-0.00
-0.00
-0.00
-0.00
-0.00
-0.00
-0.00
-0.00
-0.00
-0.00
-0.00
-0.00
-0.00
-0.00
-0.00
-0.00
-0.00
-0.00
-0.00
-0.00
-0.00
-0.00
-0.00
-0.00
-0.00
-0.00
-0.00
-0.00
-0.00
-0.00
-0.00
-0.00
-0.00
-0.00
-0.00
-0.00
-0.00
-0.00
-0.00
-0.00
-0.00
-0.00
-0.00
-0.00
-0.00
-0.00
-0.00
-0.00
-0.00
-0.00
-0.00
-0.00
-0.00
-0.00
-0.00
-0.00
-0.00
-0.00
-0.00
-0.00
-0.00
-0.00
-0.00
-0.00
-0.00
-0.00
-0.00
-0.00
-0.00
-0.00
-0.00
-0.00
-0.00
-0.00
-0.00
-0.00
-0.00
-0.00
-0.00
-0.00
-0.00
-0.00
-0.00
-0.00
-0.00
-0.00
-0.00
-0.00
-0.00
-0.00
-0.00
-0.00
-0.00
-0.00
-0.00
-0.00
-0.00
-0.00
-0.00
-0.00
-0.00
-0.00
-0.00
-0.00
-0.00
-0.00
-0.00
-0.00
-0.00
-0.00
-0.00
-0.00
-0.00
-0.00
-0.00
-0.00
-0.00
-0.00
-0.00
-0.00
-0.00
-0.00
-0.00
-0.00
-0.00
-0.00
-0.00
-0.00
-0.00
-0.00
-0.00
-0.00
-0.00
-0.00
-0.00
-0.00
-0.00
-0.00
-0.00
-0.00
-0.00
-0.00
-0.00
-0.00
-0.00
-0.00
-0.00
-0.00
-0.00
-0.00
-0.00
-0.00
-0.00
-0.00
-0.00
-0.00
-0.00
-0.00
-0.00
-0.00
-0.00
-0.00
-0.00
-0.00
-0.00
-0.00
-0.00
-0.00
-0.00
-0.00
-0.00
-0.00
-0.00
-0.00
-0.00
-0.00
-0.00
-0.00
-0.00
-0.00
-0.00
-0.00
-0.00
-0.00
-0.00
-0.00
-0.00
-0.00
-0.00
-0.00
-0.00
-0.00
-0.00
-0.00
-0.00
-0.00
-0.00
-0.00
-0.00
-0.00
-0.00
-0.00
-0.00
-0.00
-0.00
-0.00
-0.00
-0.00
-0.00
-0.00
-0.00
-0.00
-0.00
-0.00
-0.00
-0.00
-0.00
-0.00
-0.00
-0.00
-0.00
-0.00
-0.00
-0.00
-0.00
-0.00
-0.00
-0.00
-0.00
-0.00
-0.00
-0.00
-0.00
-0.00
-0.00
-0.00
-0.00
-0.00
-0.00
-0.00
-0.00
-0.00
-0.00
-0.00
-0.00
-0.00
-0.00
-0.00
-0.00
-0.00
-0.00
-0.00
-0.00
-0.00
-0.00
-0.00
-0.00
-0.00
-0.00
-0.00
-0.00
-0.00
-0.00
-0.00
-0.00
Sampling Rate: 378.00 Hz
-0.00
-0.00
-0.00
-0.00
-0.00
-0.00
-0.00
-0.00
-0.00
-0.00
-0.00
-0.00
-0.00
-0.00
-0.00
-0.00
-0.00
-0.00
-0.00
-0.00
-0.00
-0.00
-0.00
-0.00
-0.00
-0.00
-0.00
-0.00
-0.00
-0.00
-0.00
-0.00
-0.00
-0.00
-0.00
-0.00
-0.00
-0.00
-0.00
-0.00
-0.00
-0.00
-0.00
-0.00
-0.00
-0.00
-0.00
-0.00
-0.00
-0.00
-0.00
-0.00
-0.00
-0.00
-0.00
-0.00
-0.00
-0.00
-0.00
-0.00
-0.00
-0.00
-0.00
-0.00
-0.00
-0.00
-0.00
-0.00
-0.00
-0.00
-0.00
-0.00
-0.00
-0.00
-0.00
-0.00
-0.00
-0.00
-0.00
-0.00
-0.00
-0.00
-0.00
-0.00
-0.00
-0.00
-0.00
-0.00
-0.00
-0.00
-0.00
-0.00
-0.00
-0.00
-0.00
-0.00
-0.00
-0.00
-0.00
-0.00
-0.00
-0.00
-0.00
-0.00
-0.00
-0.00
-0.00
-0.00
-0.00
-0.00
-0.00
-0.00
-0.00
-0.00
-0.00
-0.00
-0.00
-0.00
-0.00
-0.00
-0.00
-0.00
-0.00
-0.00
-0.00
-0.00
-0.00
-0.00
-0.00
-0.00
-0.00
-0.00
-0.00
-0.00
-0.00
-0.00
-0.00
-0.00
-0.00
-0.00
-0.00
-0.00
-0.00
-0.00
-0.00
-0.00
-0.00
-0.00
-0.00
-0.00
-0.00
-0.00
-0.00
-0.00
-0.00
-0.00
-0.00
-0.00
-0.00
-0.00
-0.00
-0.00
-0.00
-0.00
-0.00
-0.00
-0.00
-0.00
-0.00
-0.00
-0.00
-0.00
-0.00
-0.00
-0.00
-0.00
-0.00
-0.00
-0.00
-0.00
-0.00
-0.00
-0.00
-0.00
-0.00
-0.00
-0.00
-0.00
-0.00
-0.00
-0.00
-0.00
-0.00
-0.00
-0.00
-0.00
-0.00
-0.00
-0.00
-0.00
-0.00
-0.00
-0.00
-0.00
-0.00
-0.00
-0.00
-0.00
-0.00
-0.00
-0.00
-0.00
-0.00
-0.00
-0.00
-0.00
-0.00
-0.00
-0.00
-0.00
-0.00
-0.00
-0.00
-0.00
-0.00
-0.00
-0.00
-0.00
-0.00
-0.00
-0.00
-0.00
-0.00
-0.00
-0.00
-0.00
-0.00
-0.00
-0.00
-0.00
-0.00
-0.00
-0.00
-0.00
-0.00
-0.00
-0.00
-0.00
-0.00
-0.00
-0.00
-0.00
-0.00
-0.00
-0.00
-0.00
-0.00
-0.00
-0.00
-0.00
-0.00
-0.00
-0.00
-0.00
-0.00
-0.00
-0.00
-0.00
-0.00
-0.00
-0.00
-0.00
-0.00
-0.00
-0.00
-0.00
-0.00
-0.00
-0.00
-0.00
-0.00
-0.00
-0.00
-0.00
-0.00
-0.00
-0.00
-0.00
-0.00
-0.00
-0.00
-0.00
-0.00
-0.00
-0.00
-0.00
-0.00
-0.00
-0.00
-0.00
-0.00
-0.00
-0.00
-0.00
-0.00
-0.00
-0.00
-0.00
-0.00
-0.00
-0.00
-0.00
-0.00
-0.00
-0.00
-0.00
-0.00
-0.00
-0.00
-0.00
-0.00
-0.00
-0.00
-0.00
-0.00
-0.00
-0.00
-0.00
-0.00
-0.00
-0.00
-0.00
-0.00
-0.00
-0.00
-0.00
-0.00
-0.00
-0.00
-0.00
-0.00
-0.00
-0.00
-0.00
-0.00
-0.00
-0.00
-0.00
-0.00
-0.00
-0.00
-0.00
-0.00
-0.00
-0.00
-0.00
-0.00
-0.00
-0.00
-0.00
-0.00
-0.00
-0.00
-0.00
-0.00
-0.00
-0.00
-0.00
-0.00
-0.00
-0.00
-0.00
-0.00
-0.00
-0.00
-0.00
-0.00
-0.00
Sampling Rate: 378.00 Hz
-0.00
-0.00
-0.00
-0.00
-0.00
-0.00
-0.00
-0.00
-0.00
-0.00
-0.00
-0.00
-0.00
-0.00
-0.00
-0.00
-0.00
-0.00
-0.00
-0.00
-0.00
-0.00
-0.00
-0.00
-0.00
-0.00
-0.00
-0.00
-0.00
-0.00
-0.00
-0.00
-0.00
-0.00
-0.00
-0.00
-0.00
-0.00
-0.00
-0.00
-0.00
-0.00
-0.00
-0.00
-0.00
-0.00
-0.00
-0.00
-0.00
-0.00
-0.00
-0.00
-0.00
-0.00
-0.00
-0.00
-0.00
-0.00
-0.00
-0.00
-0.00
-0.00
-0.00
-0.00
-0.00
-0.00
-0.00
-0.00
-0.00
-0.00
-0.00
-0.00
-0.00
-0.00
-0.00
-0.00
-0.00
-0.00
-0.00
-0.00
-0.00
-0.00
-0.00
-0.00
-0.00
-0.00
-0.00
-0.00
-0.00
-0.00
-0.00
-0.00
-0.00
-0.00
-0.00
-0.00
-0.00
-0.00
-0.00
-0.00
-0.00
-0.00
-0.00
-0.00
-0.00
-0.00
-0.00
-0.00
-0.00
-0.00
-0.00
-0.00
-0.00
-0.00
-0.00
-0.00
-0.00
-0.00
-0.00
-0.00
-0.00
-0.00
-0.00
-0.00
-0.00
-0.00
-0.00
-0.00
-0.00
-0.00
-0.00
-0.00
-0.00
-0.00
-0.00
-0.00
-0.00
-0.00
-0.00
-0.00
-0.00
-0.00
-0.00
-0.00
-0.00
-0.00
-0.00
-0.00
-0.00
-0.00
-0.00
-0.00
-0.00
-0.00
-0.00
-0.00
-0.00
-0.00
-0.00
-0.00
-0.00
-0.00
-0.00
-0.00
-0.00
-0.00
-0.00
-0.00
-0.00
-0.00
-0.00
-0.00
-0.00
-0.00
-0.00
-0.00
-0.00
-0.00
-0.00
-0.00
-0.00
-0.00
-0.00
-0.00
-0.00
-0.00
-0.00
-0.00
-0.00
-0.00
-0.00
-0.00
-0.00
-0.00
-0.00
-0.00
-0.00
-0.00
-0.00
-0.00
-0.00
-0.00
-0.00
-0.00
-0.00
-0.00
-0.00
-0.00
-0.00
-0.00
-0.00
-0.00
-0.00
-0.00
-0.00
-0.00
-0.00
-0.00
-0.00
-0.00
-0.00
-0.00
-0.00
-0.00
-0.00
-0.00
-0.00
-0.00
-0.00
-0.00
-0.00
-0.00
-0.00
-0.00
-0.00
-0.02
-0.04
-0.07
-0.11
-0.15
-0.20
-0.27
-0.34
-0.41
-0.49
-0.56
-0.64
-0.71
-0.78
-0.84
-0.90
-0.96
-1.01
-1.06
-1.11
-1.15
-1.20
-1.23
-1.27
-1.30
-1.33
-1.36
-1.39
-1.41
-1.43
-1.45
-1.47
-1.49
-1.50
-1.51
-1.53
-1.54
-1.55
-1.56
-1.56
-1.57
-1.58
-1.58
-1.59
-1.59
-1.59
-1.59
-1.60
-1.60
-1.60
-1.60
-1.60
-1.59
-1.59
-1.59
-1.59
-1.59
-1.58
-1.58
-1.58
-1.57
-1.57
-1.56
-1.56
-1.56
-1.55
-1.55
-1.54
-1.54
-1.52
-1.48
-1.45
-1.40
-1.36
-1.31
-1.27
-1.22
-1.18
-1.14
-1.10
-1.06
-1.02
-0.98
-0.95
-0.92
-0.89
-0.86
-0.83
-0.80
-0.78
-0.76
-0.73
-0.71
-0.69
-0.68
-0.66
-0.64
-0.63
-0.61
-0.60
-0.58
-0.57
-0.56
-0.55
-0.54
-0.53
-0.52
-0.51
-0.50
-0.49
-0.48
-0.47
-0.47
-0.46
-0.45
-0.45
-0.44
-0.43
-0.43
-0.42
-0.42
-0.41
-0.41
-0.40
-0.40
-0.40
-0.39
-0.39
-0.38
-0.38
-0.38
-0.37
-0.37
-0.37
-0.36
-0.36
-0.36
-0.36
-0.35
-0.35
-0.35
-0.35
-0.34
-0.34
Sampling Rate: 379.00 Hz
-0.34
-0.34
-0.33
-0.33
-0.33
-0.33
-0.32
-0.32
-0.32
-0.32
-0.32
-0.32
-0.31
-0.31
-0.31
-0.31
-0.31
-0.30
-0.30
-0.30
-0.30
-0.30
-0.30
-0.29
-0.29
-0.29
-0.29
-0.29
-0.29
-0.28
-0.28
-0.28
-0.28
-0.28
-0.28
-0.28
-0.27
-0.27
-0.27
-0.27
-0.27
-0.27
-0.27
-0.26
-0.26
-0.26
-0.26
-0.26
-0.26
-0.26
-0.26
-0.25
-0.25
-0.25
-0.25
-0.25
-0.25
-0.25
-0.25
-0.24
-0.24
-0.24
-0.24
-0.24
-0.24
-0.24
-0.24
-0.23
-0.23
-0.23
-0.23
-0.23
-0.23
-0.23
-0.23
-0.23
-0.22
-0.22
-0.22
-0.22
-0.22
-0.22
-0.22
-0.22
-0.22
-0.21
-0.21
-0.21
-0.21
-0.21
-0.21
-0.21
-0.21
-0.21
-0.20
-0.20
-0.20
-0.20
-0.20
-0.20
-0.20
-0.20
-0.20
-0.20
-0.19
-0.19
-0.19
-0.19
-0.19
-0.19
-0.19
-0.19
-0.19
-0.19
-0.19
-0.18
-0.18
-0.18
-0.18
-0.18
-0.18
-0.18
-0.18
-0.18
-0.18
-0.18
-0.17
-0.17
-0.17
-0.17
-0.17
-0.17
-0.17
-0.17
-0.17
-0.17
-0.17
-0.17
-0.16
-0.16
-0.16
-0.16
-0.16
-0.16
-0.16
-0.16
-0.16
-0.16
-0.16
-0.16
-0.16
-0.15
-0.15
-0.15
-0.15
-0.15
-0.15
-0.15
-0.15
-0.15
-0.15
-0.15
-0.15
-0.15
-0.14
-0.14
-0.14
-0.14
-0.14
-0.14
-0.14
-0.14
-0.14
-0.14
-0.14
-0.14
-0.14
-0.14
-0.14
-0.13
-0.13
-0.13
-0.13
-0.13
-0.13
-0.13
-0.13
-0.13
-0.13
-0.13
-0.13
-0.13
-0.13
-0.13
-0.12
-0.12
-0.12
-0.12
-0.12
-0.12
-0.12
-0.12
-0.12
-0.12
-0.12
-0.12
-0.12
-0.12
-0.12
-0.12
-0.12
-0.11
-0.11
-0.11
-0.11
-0.11
-0.11
-0.11
-0.11
-0.11
-0.11
-0.11
-0.11
-0.11
-0.11
-0.11
-0.11
-0.11
-0.11
-0.11
-0.10
-0.10
-0.10
-0.10
-0.10
-0.10
-0.10
-0.10
-0.10
-0.10
-0.10
-0.10
-0.10
-0.10
-0.10
-0.10
-0.10
-0.10
-0.10
-0.10
-0.09
-0.09
-0.09
-0.09
-0.09
-0.09
-0.09
-0.09
-0.09
-0.09
-0.09
-0.11
-0.13
-0.16
-0.20
-0.24
-0.28
-0.31
-0.35
-0.39
-0.43
-0.46
-0.49
-0.53
-0.55
-0.58
-0.61
-0.63
-0.65
-0.67
-0.71
-0.75
-0.80
-0.85
-0.90
-0.96
-1.01
-1.07
-1.16
-1.28
-1.42
-1.58
-1.77
-1.99
-2.21
-2.44
-2.69
-2.94
-3.20
-3.46
-3.72
-3.98
-4.22
-4.47
-4.72
-4.97
-5.22
-5.47
-5.72
-5.96
-6.20
-6.44
-6.68
-6.91
-7.13
-7.34
-7.54
-7.73
-7.90
-8.06
-8.21
-8.35
-8.48
-8.60
-8.70
-8.80
-8.89
-8.97
-9.04
-9.11
-9.17
-9.22
-9.27
-9.31
-9.34
-9.37
-9.40
-9.42
-9.43
-9.45
-9.45
-9.46
-9.46
-9.46
-9.46
-9.45
-9.44
-9.43
-9.42
-9.40
-9.38
-9.37
-9.35
-9.32
-9.30
-9.28
-9.25
-9.22
-9.20
-9.17
-9.12
-9.05
-8.95
-8.78
-8.53
-8.19
-7.76
-7.24
-6.65
-6.02
-5.38
-4.73
-4.11
-3.51
-2.95
-2.39
-1.86
-1.33
-0.79
Sampling Rate: 379.00 Hz
-0.23
0.35
0.96
1.61
2.27
2.96
3.66
4.38
5.12
5.88
6.66
7.46
8.29
9.14
10.00
10.86
11.71
12.55
13.36
14.13
14.86
15.53
16.16
16.74
17.28
17.78
18.24
18.68
19.12
19.54
19.96
20.38
20.79
21.21
21.62
22.04
22.46
22.88
23.29
23.68
24.02
24.29
24.49
24.66
24.87
25.15
25.49
25.89
26.31
26.70
27.05
27.35
27.60
27.81
28.01
28.18
28.36
28.53
28.69
28.84
29.00
29.15
29.30
29.48
29.67
29.89
30.14
30.41
30.69
31.00
31.32
31.64
31.98
32.33
32.70
33.09
33.49
33.89
34.29
34.69
35.09
35.47
35.85
36.22
36.57
36.91
37.24
37.56
37.86
38.14
38.42
38.70
38.98
39.26
39.54
39.83
40.11
40.39
40.68
40.96
41.23
41.48
41.74
41.98
42.21
42.43
42.65
42.86
43.05
43.20
43.33
43.42
43.48
43.49
43.46
43.37
43.23
43.05
42.83
42.58
42.30
41.99
41.67
41.33
40.97
40.59
40.20
39.79
39.35
38.90
38.43
37.94
37.42
36.87
36.28
35.63
34.93
34.16
33.31
32.39
31.38
30.29
29.10
27.83
26.48
25.05
23.56
22.01
20.41
18.72
16.97
15.16
13.32
11.46
9.60
7.79
6.02
4.34
2.74
1.24
-0.17
-1.48
-2.71
-3.86
-4.93
-5.93
-6.87
-7.74
-8.55
-9.31
-10.00
-10.63
-11.21
-11.73
-12.19
-12.61
-12.97
-13.28
-13.56
-13.81
-14.03
-14.22
-14.39
-14.56
-14.72
-14.87
-15.02
-15.15
-15.28
-15.39
-15.49
-15.58
-15.67
-15.74
-15.80
-15.86
-15.91
-15.94
-15.98
-16.00
-16.02
-16.03
-16.04
-16.04
-16.04
-16.03
-16.02
-16.01
-15.99
-15.96
-15.94
-15.91
-15.87
-15.84
-15.80
-15.76
-15.72
-15.67
-15.63
-15.58
-15.53
-15.48
-15.43
-15.37
-15.32
-15.26
-15.21
-15.15
-15.09
-15.03
-14.97
-14.91
-14.85
-14.79
-14.73
-14.66
-14.60
-14.54
-14.47
-14.41
-14.35
-14.28
-14.22
-14.15
-14.09
-14.02
-13.96
-13.90
-13.83
-13.77
-13.70
-13.64
-13.57
-13.51
-13.44
-13.38
-13.32
-13.25
-13.19
-13.13
-13.06
-13.00
-12.94
-12.87
-12.81
-12.75
-12.69
-12.63
-12.56
-12.50
-12.44
-12.38
-12.32
-12.26
-12.20
-12.14
-12.08
-12.02
-11.96
-11.90
-11.84
-11.78
-11.72
-11.67
-11.61
-11.55
-11.49
-11.44
-11.38
-11.32
-11.27
-11.21
-11.16
-11.10
-11.04
-10.99
-10.94
-10.88
-10.83
-10.77
-10.72
-10.67
-10.61
-10.56
-10.51
-10.45
-10.40
-10.35
-10.30
-10.25
-10.20
-10.15
-10.09
-10.04
-9.99
-9.94
-9.89
-9.85
-9.80
-9.75
-9.70
-9.65
-9.60
-9.55
-9.51
-9.46
-9.41
-9.36
-9.32
-9.27
-9.22
-9.18
-9.13
-9.09
-9.04
-9.00
-8.95
-8.91
-8.86
-8.82
-8.77
-8.73
-8.69
-8.64
-8.60
-8.56
-8.51
-8.47
-8.43
-8.39
-8.35
-8.30
-8.26
-8.22
-8.18
-8.14
-8.10
-8.06
-8.02
-7.98
-7.94
-7.90
-7.86
-7.82
-7.78
-7.74
-7.70
-7.66
-7.63
-7.59
-7.55
-7.51
-7.47
-7.44
Sampling Rate: 374.00 Hz
-7.40
-7.36
-7.33
-7.29
-7.25
-7.22
-7.18
-7.16
-7.15
-7.15
-7.15
-7.15
-7.16
-7.16
-7.16
-7.17
-7.17
-7.17
-7.19
-7.21
-7.24
-7.27
-7.30
-7.33
-7.36
-7.39
-7.43
-7.47
-7.53
-7.58
-7.63
-7.68
-7.73
-7.79
-7.86
-7.93
-8.00
-8.06
-8.13
-8.19
-8.27
-8.34
-8.42
-8.50
-8.58
-8.66
-8.73
-8.81
-8.89
-8.98
-9.06
-9.15
-9.23
-9.32
-9.41
-9.50
-9.60
-9.69
-9.78
-9.87
-9.97
-10.07
-10.17
-10.27
-10.37
-10.48
-10.59
-10.70
-10.80
-10.92
-11.04
-11.15
-11.27
-11.39
-11.52
-11.65
-11.78
-11.90
-12.03
-12.17
-12.30
-12.43
-12.55
-12.68
-12.81
-12.94
-13.07
-13.19
-13.31
-13.43
-13.55
-13.67
-13.79
-13.90
-14.01
-14.10
-14.19
-14.27
-14.36
-14.45
-14.54
-14.62
-14.70
-14.78
-14.85
-14.91
-14.98
-15.05
-15.12
-15.19
-15.26
-15.32
-15.38
-15.45
-15.51
-15.58
-15.65
-15.72
-15.78
-15.84
-15.92
-15.99
-16.06
-16.15
-16.23
-16.32
-16.43
-16.53
-16.66
-16.79
-16.96
-17.16
-17.39
-17.66
-17.96
-18.29
-18.64
-19.00
-19.39
-19.78
-20.19
-20.60
-21.01
-21.42
-21.83
-22.24
-22.65
-23.05
-23.45
-23.85
-24.25
-24.65
-25.02
-25.40
-25.77
-26.15
-26.52
-26.87
-27.20
-27.52
-27.82
-28.11
-28.40
-28.69
-28.96
-29.23
-29.49
-29.75
-30.00
-30.25
-30.49
-30.71
-30.94
-31.15
-31.38
-31.59
-31.82
-32.05
-32.26
-32.49
-32.72
-32.96
-33.20
-33.46
-33.73
-34.00
-34.30
-34.61
-34.94
-35.29
-35.65
-36.02
-36.40
-36.78
-37.17
-37.56
-37.93
-38.29
-38.62
-38.93
-39.22
-39.48
-39.71
-39.93
-40.10
-40.24
-40.35
-40.44
-40.50
-40.55
-40.58
-40.59
-40.59
-40.57
-40.55
-40.51
-40.46
-40.40
-40.33
-40.24
-40.14
-40.00
-39.83
-39.63
-39.40
-39.13
-38.83
-38.49
-38.13
-37.73
-37.30
-36.84
-36.34
-35.82
-35.29
-34.76
-34.24
-33.72
-33.21
-32.71
-32.20
-31.70
-31.18
-30.65
-30.12
-29.57
-29.01
-28.43
-27.82
-27.20
-26.55
-25.89
-25.20
-24.49
-23.76
-23.02
-22.28
-21.55
-20.81
-20.09
-19.38
-18.69
-18.02
-17.36
-16.73
-16.10
-15.49
-14.90
-14.33
-13.79
-13.29
-12.82
-12.38
-11.97
-11.59
-11.22
-10.85
-10.50
-10.15
-9.81
-9.47
-9.12
-8.78
-8.43
-8.08
-7.72
-7.36
-6.98
-6.61
-6.22
-5.83
-5.43
-5.03
-4.62
-4.21
-3.81
-3.41
-3.02
-2.63
-2.25
-1.89
-1.52
-1.16
-0.83
-0.53
-0.28
-0.09
0.06
0.15
0.18
0.17
0.13
0.09
0.07
0.07
0.10
0.18
0.33
0.55
0.85
1.25
1.73
2.30
2.95
3.69
4.51
5.41
6.37
7.38
8.41
9.46
10.53
11.59
12.66
13.70
14.72
15.67
16.56
17.38
18.13
18.79
19.37
19.86
20.29
20.64
20.93
21.16
21.34
21.47
21.56
21.59
21.60
21.57
21.53
21.47
21.40
21.32
21.24
21.17
21.10
21.05
21.03
21.05
21.10
21.21
21.37
21.61
21.93
22.32
22.78
23.33
23.98
24.73
25.58
26.53
Sampling Rate: 375.00 Hz
27.59
28.76
30.03
31.41
32.88
34.43
36.03
37.66
39.31
40.94
42.54
44.08
45.54
46.94
48.23
49.42
50.50
51.46
52.30
53.05
53.69
54.25
54.73
55.14
55.46
55.71
55.87
55.95
55.96
55.90
55.77
55.58
55.35
55.08
54.76
54.40
53.97
53.52
53.02
52.50
51.95
51.39
50.83
50.27
49.74
49.23
48.76
48.33
47.96
47.66
47.43
47.28
47.21
47.22
47.30
47.47
47.72
48.04
48.42
48.85
49.31
49.79
50.27
50.74
51.20
51.63
52.03
52.39
52.71
52.98
53.21
53.40
53.54
53.66
53.74
53.81
53.88
53.94
54.01
54.10
54.23
54.39
54.58
54.81
55.05
55.30
55.56
55.81
56.05
56.25
56.40
56.47
56.43
56.28
56.00
55.57
55.00
54.28
53.39
52.36
51.18
49.87
48.43
46.87
45.19
43.42
41.56
39.62
37.61
35.53
33.39
31.20
28.96
26.66
24.31
21.92
19.49
17.02
14.54
12.03
9.50
6.95
4.40
1.83
-0.74
-3.28
-5.77
-8.18
-10.47
-12.62
-14.62
-16.45
-18.13
-19.68
-21.14
-22.51
-23.83
-25.13
-26.41
-27.67
-28.93
-30.18
-31.41
-32.61
-33.77
-34.89
-35.96
-36.96
-37.88
-38.70
-39.42
-40.05
-40.58
-41.02
-41.34
-41.57
-41.71
-41.78
-41.78
-41.74
-41.63
-41.49
-41.32
-41.13
-40.92
-40.68
-40.41
-40.13
-39.82
-39.48
-39.11
-38.73
-38.33
-37.90
-37.47
-37.03
-36.60
-36.17
-35.73
-35.30
-34.87
-34.43
-33.99
-33.55
-33.11
-32.67
-32.23
-31.78
-31.34
-30.90
-30.47
-30.05
-29.64
-29.24
-28.86
-28.48
-28.10
-27.72
-27.36
-27.00
-26.66
-26.32
-26.00
-25.68
-25.35
-25.03
-24.72
-24.41
-24.11
-23.82
-23.54
-23.27
-23.00
-22.72
-22.44
-22.17
-21.91
-21.65
-21.40
-21.16
-20.92
-20.69
-20.47
-20.26
-20.06
-19.86
-19.67
-19.48
-19.30
-19.13
-18.96
-18.80
-18.64
-18.49
-18.34
-18.19
-18.05
-17.91
-17.78
-17.65
-17.52
-17.40
-17.28
-17.16
-17.04
-16.93
-16.82
-16.71
-16.60
-16.49
-16.39
-16.29
-16.19
-16.09
-16.00
-15.90
-15.81
-15.71
-15.62
-15.53
-15.44
-15.36
-15.27
-15.18
-15.10
-15.02
-14.93
-14.85
-14.77
-14.69
-14.61
-14.53
-14.45
-14.38
-14.30
-14.22
-14.13
-14.03
-13.91
-13.78
-13.62
-13.44
-13.25
-13.03
-12.80
-12.52
-12.19
-11.79
-11.30
-10.74
-10.09
-9.37
-8.57
-7.72
-6.83
-5.90
-4.94
-3.98
-2.99
-1.99
-1.25
-0.62
-0.06
0.49
1.07
1.67
2.28
2.92
3.56
4.19
4.81
5.40
5.95
6.45
6.88
7.25
7.55
7.80
7.98
8.09
8.13
8.11
8.03
7.90
7.71
7.47
7.19
6.86
6.51
6.13
5.73
5.30
4.86
4.38
3.87
3.33
2.76
2.15
1.53
0.88
0.23
-0.45
-1.14
-1.85
-2.55
-3.25
-3.96
-4.68
-5.39
-6.09
-6.78
-7.47
-8.13
-8.79
-9.45
-10.09
-10.72
-11.32
-11.90
-12.45
-12.96
-13.43
-13.87
-14.28
-14.66
-15.01
-15.36
-15.69
-16.00
-16.30
-16.58
-16.84
-17.09
-17.37
Sampling Rate: 374.00 Hz
-17.67
-17.99
-18.35
-18.73
-19.12
-19.51
-19.89
-20.26
-20.61
-20.93
-21.21
-21.48
-21.74
-21.98
-22.21
-22.43
-22.64
-22.85
-23.05
-23.24
-23.43
-23.61
-23.79
-23.98
-24.16
-24.33
-24.50
-24.67
-24.42
-23.88
-23.17
-22.35
-21.48
-20.60
-19.73
-18.87
-18.03
-17.24
-16.49
-15.78
-15.11
-14.48
-13.89
-13.33
-12.81
-12.34
-11.90
-11.49
-11.11
-10.76
-10.43
-10.11
-9.82
-9.55
-9.29
-9.04
-8.81
-8.61
-8.42
-8.26
-8.11
-7.99
-7.89
-7.80
-7.73
-7.66
-7.61
-7.55
-7.50
-7.46
-7.41
-7.37
-7.33
-7.29
-7.25
-7.21
-7.17
-7.14
-7.10
-7.06
-7.03
-6.99
-6.95
-6.92
-6.88
-6.85
-6.81
-6.78
-6.74
-6.71
-6.69
-6.68
-6.68
-6.69
-6.69
-6.70
-6.70
-6.71
-6.72
-6.72
-6.72
-6.73
-6.72
-6.72
-6.72
-6.71
-6.71
-6.70
-6.69
-6.66
-6.63
-6.58
-6.53
-6.47
-6.42
-6.36
-6.30
-6.25
-6.19
-6.15
-6.12
-6.11
-6.12
-6.15
-6.17
-6.22
-6.28
-6.34
-6.41
-6.48
-6.54
-6.62
-6.71
-6.80
-6.89
-6.99
-7.11
-7.22
-7.35
-7.48
-7.62
-7.75
-7.90
-8.05
-8.21
-8.37
-8.54
-8.71
-8.89
-9.08
-9.26
-9.45
-9.64
-9.83
-10.02
-10.22
-10.42
-10.62
-10.81
-11.01
-11.21
-11.41
-11.60
-11.78
-11.96
-12.13
-12.31
-12.48
-12.64
-12.80
-12.96
-13.12
-13.30
-13.47
-13.66
-13.86
-14.07
-14.31
-14.55
-14.81
-15.07
-15.34
-15.60
-15.84
-16.08
-16.30
-16.51
-16.72
-16.92
-17.12
-17.30
-17.48
-17.64
-17.80
-17.97
-18.12
-18.27
-18.41
-18.54
-18.66
-18.76
-18.86
-18.95
-19.02
-19.09
-19.14
-19.19
-19.23
-19.26
-19.28
-19.30
-19.31
-19.31
-19.30
-19.30
-19.28
-19.26
-19.24
-19.21
-19.18
-19.14
-19.10
-19.06
-19.02
-18.97
-18.92
-18.85
-18.77
-18.68
-18.57
-18.44
-18.31
-18.17
-18.01
-17.84
-17.66
-17.48
-17.29
-17.08
-16.87
-16.66
-16.46
-16.25
-16.05
-15.86
-15.67
-15.48
-15.31
-15.14
-14.97
-14.81
-14.66
-14.51
-14.37
-14.23
-14.09
-13.96
-13.84
-13.72
-13.60
-13.49
-13.36
-13.23
-13.07
-12.91
-12.74
-12.57
-12.40
-12.22
-12.06
-11.91
-11.77
-11.65
-11.56
-11.48
-11.41
-11.37
-11.34
-11.33
-11.33
-11.32
-11.32
-11.31
-11.29
-11.24
-11.18
-11.09
-10.96
-10.82
-10.65
-10.45
-10.25
-10.05
-9.84
-9.63
-9.45
-9.28
-9.14
-9.02
-8.93
-8.88
-8.87
-8.89
-8.93
-9.00
-9.10
-9.23
-9.40
-9.61
-9.86
-10.14
-10.46
-10.81
-11.17
-11.55
-11.93
-12.32
-12.68
-13.00
-13.28
-13.52
-13.73
-13.89
-14.03
-14.13
-14.21
-14.28
-14.33
-14.37
-14.40
-14.42
-14.43
-14.44
-14.45
-14.47
-14.51
-14.58
-14.67
-14.78
-14.92
-15.09
-15.27
-15.46
-15.66
-15.85
-16.01
-16.15
-16.24
-16.28
-16.25
-16.17
-16.01
-15.79
-15.49
-15.13
-14.72
-14.26
-13.78
-13.33
-12.90
-12.51
-12.18
-11.95
-11.82
-11.81
-11.91
-12.13
-12.47
-12.92
-13.47
-14.12
-14.83
-15.60
-16.38
Sampling Rate: 374.00 Hz
-17.17
-17.93
-18.64
-19.27
-19.81
-20.27
-20.59
-20.81
-20.92
-20.90
-20.77
-20.51
-20.14
-19.66
-19.07
-18.37
-17.58
-16.69
-15.71
-14.66
-13.54
-12.36
-11.12
-9.84
-8.51
-7.15
-5.76
-4.34
-2.88
-1.38
0.17
1.78
3.44
5.17
6.93
8.73
10.54
12.36
14.17
15.96
17.74
19.47
21.16
22.81
24.41
25.97
27.49
28.96
30.38
31.75
33.06
34.32
35.53
36.69
37.80
38.87
39.89
40.84
41.75
42.61
43.44
44.22
44.94
45.62
46.25
46.81
47.32
47.77
48.17
48.52
48.82
49.07
49.28
49.44
49.56
49.65
49.72
49.78
49.84
49.89
49.94
49.97
49.99
50.00
50.02
50.04
50.09
50.15
50.22
50.31
50.43
50.56
50.69
50.84
50.98
51.12
51.25
51.37
51.46
51.52
51.55
51.55
51.51
51.43
51.33
51.21
51.05
50.88
50.71
50.54
50.37
50.21
50.05
49.89
49.73
49.59
49.45
49.32
49.19
49.08
48.97
48.88
48.80
48.75
48.70
48.64
48.58
48.51
48.42
48.31
48.17
48.01
47.81
47.57
47.31
47.01
46.66
46.28
45.87
45.45
45.02
44.57
44.12
43.67
43.23
42.81
42.43
42.09
41.79
41.55
41.36
41.22
41.12
41.08
41.08
41.15
41.26
41.42
41.61
41.83
42.08
42.33
42.59
42.86
43.11
43.31
43.47
43.58
43.62
43.59
43.50
43.35
43.16
42.92
42.61
42.23
41.81
41.33
40.83
40.30
39.76
39.21
38.67
38.13
37.63
37.14
36.68
36.24
35.81
35.41
35.03
34.67
34.33
34.00
33.69
33.40
33.11
32.84
32.56
32.29
32.00
31.71
31.39
31.08
30.80
30.59
30.42
30.26
30.09
29.94
29.82
29.72
29.67
29.68
29.75
29.91
30.14
30.43
30.81
31.27
31.83
32.47
33.19
34.02
34.93
35.96
37.07
38.26
39.53
40.87
42.26
43.69
45.16
46.68
48.20
49.72
51.23
52.72
54.16
55.54
56.86
58.09
59.21
60.23
61.11
61.88
62.50
62.99
63.32
63.50
63.53
63.42
63.19
62.85
62.41
61.89
61.29
60.61
59.88
59.09
58.27
57.40
56.49
55.55
54.59
53.61
52.65
51.70
50.76
49.87
49.02
48.20
47.41
46.63
45.87
45.11
44.31
43.50
42.66
41.81
40.95
40.10
39.27
38.47
37.72
36.99
36.32
35.68
35.09
34.52
33.95
33.40
32.89
32.41
31.96
31.56
31.24
30.98
30.79
30.64
30.55
30.51
30.51
30.57
30.64
30.72
30.81
30.89
30.97
31.01
30.98
30.90
30.75
30.56
30.29
29.96
29.60
29.19
28.75
28.28
27.79
27.28
26.73
26.18
25.61
25.02
24.42
23.83
23.25
22.69
22.14
21.63
21.17
20.74
20.36
20.02
19.73
19.47
19.24
19.03
18.84
18.66
18.50
18.34
18.18
18.01
17.83
17.62
17.38
17.12
16.83
16.54
16.23
15.91
15.59
15.24
14.90
14.55
14.20
13.87
13.54
13.23
12.94
12.69
12.47
12.29
12.15
12.05
11.97
11.91
11.87
11.87
11.90
Sampling Rate: 373.00 Hz
11.98
12.09
12.26
12.49
12.76
13.07
13.41
13.80
14.23
14.72
15.26
15.85
16.47
17.12
17.79
18.49
19.20
19.93
20.67
21.42
22.17
22.95
23.76
24.52
25.26
25.99
26.68
27.33
27.94
28.50
28.98
29.42
29.81
30.14
30.41
30.60
30.73
30.81
30.81
30.74
30.61
30.43
30.21
29.97
29.68
29.37
29.04
28.71
28.35
27.98
27.62
27.27
26.95
26.64
26.35
26.13
25.94
25.78
25.64
25.56
25.50
25.47
25.47
25.54
25.62
25.75
25.91
26.12
26.35
26.62
26.90
27.20
27.53
27.87
28.20
28.57
28.92
29.27
29.58
29.84
30.04
30.16
30.22
30.25
30.24
30.16
30.01
29.78
29.41
28.92
28.32
27.59
26.77
25.86
24.91
23.94
22.98
22.01
21.05
20.08
19.11
18.15
17.19
16.24
15.32
14.41
13.53
12.68
11.88
11.12
10.43
9.76
9.12
8.50
7.93
7.37
6.84
6.33
5.81
5.29
4.77
4.26
3.76
3.30
2.89
2.51
2.20
1.96
1.77
1.67
1.64
1.67
1.78
1.97
2.24
2.60
3.04
3.56
4.16
4.85
5.61
6.46
7.38
8.38
9.46
10.60
11.80
13.05
14.33
15.64
16.94
18.23
19.49
20.71
21.88
22.99
24.04
25.03
25.97
26.86
27.70
28.47
29.18
29.82
30.38
30.85
31.25
31.56
31.78
31.90
31.94
31.85
31.64
31.32
30.86
30.28
29.57
28.76
27.84
26.84
25.77
24.64
23.48
22.30
21.12
19.96
18.84
17.75
16.70
15.71
14.77
13.91
13.13
12.43
11.82
11.31
10.90
10.60
10.40
10.30
10.29
10.35
10.48
10.65
10.84
11.06
11.27
11.48
11.66
11.81
11.92
12.00
12.06
12.10
12.13
12.15
12.18
12.21
12.22
12.24
12.26
12.29
12.35
12.43
12.51
12.59
12.66
12.72
12.75
12.75
12.69
12.56
12.38
12.11
11.78
11.36
10.88
10.33
9.72
9.07
8.39
7.67
6.95
6.23
5.53
4.86
4.26
3.73
3.29
2.93
2.67
2.51
2.45
2.49
2.64
2.90
3.28
3.79
4.40
5.12
5.94
6.83
7.74
8.73
9.74
10.76
11.75
12.70
13.61
14.47
15.26
15.99
16.63
17.19
17.68
18.08
18.42
18.68
18.89
19.05
19.17
19.26
19.33
19.39
19.45
19.49
19.51
19.54
19.57
19.56
19.51
19.45
19.35
19.21
19.05
18.85
18.61
18.32
17.99
17.60
17.16
16.67
16.14
15.57
14.97
14.35
13.74
13.13
12.52
11.92
11.35
10.83
10.36
9.95
9.60
9.34
9.14
9.02
8.98
9.03
9.14
9.33
9.58
9.90
10.27
10.69
11.17
11.67
12.18
12.68
13.18
13.65
14.11
14.56
14.99
15.42
15.85
16.31
16.80
17.30
17.83
18.38
18.94
19.51
20.08
20.66
21.25
21.85
22.46
23.09
23.70
24.32
24.93
25.51
26.07
26.59
27.06
27.48
27.85
28.17
28.42
28.63
28.77
28.86
28.89
28.87
28.78
28.63
28.43
28.18
27.89
27.57
27.23
26.85
Sampling Rate: 374.00 Hz
26.46
26.07
25.66
25.25
24.83
24.41
23.99
23.55
23.10
22.63
22.13
21.59
21.00
20.36
19.65
18.86
18.00
17.07
16.08
15.03
13.92
12.77
11.59
10.38
9.18
7.98
6.81
5.67
4.59
3.58
2.66
1.84
1.14
0.56
0.10
-0.23
-0.43
-0.53
-0.53
-0.43
-0.26
-0.03
0.27
0.60
0.94
1.30
1.64
1.95
2.21
2.43
2.59
2.70
2.76
2.79
2.77
2.73
2.65
2.56
2.46
2.35
2.24
2.13
2.03
1.97
1.94
1.95
2.00
2.10
2.24
2.43
2.65
2.92
3.23
3.56
3.90
4.24
4.57
4.89
5.16
5.38
5.57
5.72
5.81
5.86
5.86
5.83
5.77
5.68
5.59
5.48
5.39
5.30
5.24
5.21
5.20
5.22
5.28
5.36
5.45
5.56
5.66
5.76
5.82
5.85
5.84
5.77
5.64
5.45
5.19
4.87
4.48
4.01
3.48
2.88
2.24
1.55
0.82
0.07
-0.70
-1.47
-2.22
-2.95
-3.64
-4.28
-4.85
-5.33
-5.72
-6.03
-6.24
-6.38
-6.43
-6.43
-6.37
-6.28
-6.16
-6.05
-5.96
-5.90
-5.90
-5.95
-6.08
-6.29
-6.56
-6.90
-7.32
-7.79
-8.33
-8.92
-9.55
-10.21
-10.90
-11.59
-12.26
-12.89
-13.46
-13.94
-14.34
-14.62
-14.80
-14.85
-14.77
-14.56
-14.23
-13.77
-13.21
-12.55
-11.82
-11.04
-10.23
-9.40
-8.56
-7.74
-6.96
-6.23
-5.56
-4.96
-4.44
-3.99
-3.62
-3.32
-3.09
-2.94
-2.84
-2.80
-2.78
-2.79
-2.82
-2.84
-2.85
-2.82
-2.76
-2.67
-2.53
-2.33
-2.09
-1.79
-1.45
-1.07
-0.66
-0.22
0.23
0.69
1.17
1.65
2.11
2.56
2.97
3.36
3.70
4.02
4.29
4.50
4.67
4.76
4.78
4.74
4.63
4.45
4.22
3.93
3.59
3.21
2.81
2.38
1.94
1.50
1.08
0.69
0.33
0.02
-0.24
-0.44
-0.59
-0.67
-0.70
-0.69
-0.63
-0.53
-0.40
-0.24
-0.04
0.18
0.42
0.65
0.89
1.11
1.31
1.48
1.61
1.68
1.69
1.64
1.54
1.39
1.18
0.91
0.59
0.21
-0.23
-0.70
-1.22
-1.76
-2.34
-2.94
-3.56
-4.20
-4.85
-5.51
-6.15
-6.78
-7.39
-7.98
-8.53
-9.07
-9.61
-10.14
-10.69
-11.25
-11.86
-12.51
-13.22
-13.97
-14.79
-15.68
-16.64
-17.67
-18.75
-19.88
-21.06
-22.28
-23.53
-24.78
-26.03
-27.26
-28.49
-29.68
-30.85
-31.97
-33.06
-34.10
-35.11
-36.06
-36.99
-37.89
-38.76
-39.64
-40.50
-41.38
-42.26
-43.16
-44.08
-45.01
-45.95
-46.89
-47.82
-48.75
-49.65
-50.53
-51.38
-52.17
-52.91
-53.58
-54.18
-54.71
-55.15
-55.53
-55.84
-56.07
-56.22
-56.30
-56.31
-56.24
-56.11
-55.91
-55.65
-55.33
-54.96
-54.52
-54.03
-53.48
-52.90
-52.29
-51.66
-51.03
-50.40
-49.78
-49.17
-48.59
-48.04
-47.52
-47.01
-46.53
-46.07
-45.62
-45.19
-44.77
-44.37
-43.97
-43.56
-43.17
-42.76
-42.35
-41.93
-41.49
-41.01
-40.49
-39.93
-39.33
-38.66
-37.95
-37.18
-36.36
-35.47
-34.53
-33.52
-32.47
-31.38
Sampling Rate: 377.00 Hz
-30.24
-29.09
-27.92
-26.77
-25.64
-24.54
-23.49
-22.48
-21.51
-20.59
-19.71
-18.85
-18.02
-17.22
-16.43
-15.66
-14.88
-14.10
-13.32
-12.53
-11.74
-10.93
-10.12
-9.29
-8.43
-7.57
-6.70
-5.84
-4.98
-4.13
-3.30
-2.51
-1.74
-1.02
-0.33
0.32
0.92
1.47
1.97
2.40
2.77
3.06
3.29
3.45
3.55
3.59
3.56
3.48
3.35
3.17
2.97
2.73
2.48
2.20
1.92
1.65
1.40
1.17
0.96
0.79
0.65
0.55
0.50
0.47
0.47
0.50
0.56
0.66
0.81
0.99
1.22
1.50
1.83
2.22
2.67
3.18
3.75
4.36
5.02
5.72
6.46
7.23
8.04
8.86
9.70
10.56
11.40
12.23
13.03
13.79
14.52
15.21
15.86
16.46
17.03
17.56
18.04
18.45
18.80
19.09
19.28
19.39
19.41
19.34
19.18
18.96
18.67
18.32
17.93
17.51
17.08
16.64
16.22
15.82
15.46
15.13
14.86
14.64
14.48
14.35
14.27
14.24
14.25
14.30
14.38
14.50
14.65
14.83
15.04
15.26
15.49
15.71
15.92
16.10
16.26
16.37
16.43
16.46
16.44
16.39
16.28
16.13
15.92
15.69
15.43
15.11
14.75
14.32
13.85
13.32
12.73
12.07
11.35
10.56
9.69
8.75
7.72
6.58
5.34
3.99
2.51
0.91
-0.81
-2.62
-4.52
-6.49
-8.51
-10.56
-12.63
-14.69
-16.72
-18.70
-20.61
-22.43
-24.17
-25.81
-27.34
-28.76
-30.07
-31.27
-32.34
-33.29
-34.12
-34.86
-35.50
-36.04
-36.50
-36.89
-37.23
-37.52
-37.76
-37.98
-38.16
-38.31
-38.44
-38.54
-38.63
-38.70
-38.75
-38.79
-38.84
-38.88
-38.92
-38.97
-39.01
-39.05
-39.08
-39.10
-39.11
-39.11
-39.10
-39.08
-39.07
-39.06
-39.06
-39.08
-39.12
-39.16
-39.21
-39.26
-39.28
-39.26
-39.20
-39.10
-38.96
-38.78
-38.56
-38.29
-37.98
-37.62
-37.22
-36.78
-36.29
-35.75
-35.15
-34.50
-33.81
-33.10
-32.39
-31.68
-31.00
-30.39
-29.83
-29.34
-28.92
-28.59
-28.33
-28.14
-28.01
-27.95
-27.96
-28.03
-28.16
-28.34
-28.56
-28.82
-29.11
-29.42
-29.75
-30.11
-30.49
-30.90
-31.33
-31.79
-32.30
-32.85
-33.44
-34.06
-34.71
-35.38
-36.06
-36.74
-37.42
-38.10
-38.79
-39.50
-40.23
-40.98
-41.74
-42.50
-43.26
-44.00
-44.74
-45.48
-46.21
-46.94
-47.66
-48.39
-49.11
-49.82
-50.54
-51.25
-51.96
-52.66
-53.34
-54.01
-54.66
-55.30
-55.93
-56.55
-57.15
-57.73
-58.31
-58.87
-59.41
-59.92
-60.41
-60.87
-61.30
-61.67
-62.00
-62.29
-62.52
-62.71
-62.86
-63.00
-63.17
-63.39
-63.70
-64.11
-64.64
-65.27
-65.98
-66.76
-67.58
-68.43
-69.29
-70.15
-71.02
-71.81
-72.44
-72.87
-73.14
-73.27
-73.28
-73.19
-72.98
-72.69
-72.33
-71.91
-71.43
-70.90
-70.34
-69.75
-69.15
-68.53
-67.91
-67.28
-66.61
-65.91
-65.18
-64.40
-63.59
-62.74
-61.88
-61.02
-60.18
-59.37
-58.60
-57.87
-57.19
-56.55
-55.96
-55.41
-54.89
-54.41
-53.94
-53.49
-53.03
-52.61
-52.20
-51.82
-51.47
-51.15
Sampling Rate: 374.00 Hz
-50.86
-50.60
-50.37
-50.15
-49.96
-49.78
-49.64
-49.51
-49.41
-49.32
-49.26
-49.21
-49.18
-49.17
-49.17
-49.19
-49.21
-49.24
-49.28
-49.32
-49.35
-49.36
-49.35
-49.30
-49.23
-49.14
-49.02
-48.88
-48.71
-48.53
-48.35
-48.15
-47.95
-47.74
-47.55
-47.36
-47.20
-47.04
-46.91
-46.81
-46.73
-46.68
-46.66
-46.65
-46.67
-46.70
-46.76
-46.82
-46.89
-46.95
-47.01
-47.05
-47.09
-47.11
-47.12
-47.12
-47.11
-47.09
-47.05
-47.00
-46.95
-46.88
-46.80
-46.72
-46.62
-46.52
-46.41
-46.30
-46.17
-46.04
-45.91
-45.77
-45.64
-45.54
-45.46
-45.41
-45.40
-45.41
-45.43
-45.45
-45.48
-45.50
-45.51
-45.52
-45.51
-45.50
-45.46
-45.40
-45.30
-45.17
-45.00
-44.77
-44.50
-44.20
-43.87
-43.51
-43.12
-42.71
-42.30
-41.88
-41.47
-41.06
-40.66
-40.27
-39.90
-39.55
-39.22
-38.90
-38.60
-38.32
-38.06
-37.82
-37.59
-37.37
-37.17
-36.99
-36.82
-36.65
-36.50
-36.34
-36.19
-36.04
-35.89
-35.74
-35.59
-35.44
-35.30
-35.15
-35.00
-34.84
-34.69
-34.54
-34.39
-34.24
-34.08
-33.93
-33.78
-33.62
-33.47
-33.31
-33.16
-33.01
-32.85
-32.70
-32.54
-32.39
-32.24
-32.08
-31.93
-31.78
-31.63
-31.48
-31.32
-31.17
-31.02
-30.87
-30.72
-30.57
-30.42
-30.28
-30.13
-29.98
-29.83
-29.69
-29.54
-29.40
-29.25
-29.11
-28.97
-28.82
-28.68
-28.54
-28.40
-28.26
-28.12
-27.98
-27.84
-27.70
-27.56
-27.43
-27.31
-27.20
-27.09
-27.00
-26.90
-26.81
-26.73
-26.66
-26.60
-26.56
-26.53
-26.51
-26.50
-26.50
-26.51
-26.54
-26.58
-26.63
-26.71
-26.82
-26.97
-27.14
-27.35
-27.61
-27.90
-28.24
-28.61
-29.00
-29.38
-29.77
-30.13
-30.48
-30.80
-31.08
-31.31
-31.51
-31.66
-31.78
-31.84
-31.88
-31.87
-31.82
-31.74
-31.63
-31.48
-31.31
-31.10
-30.87
-30.63
-30.37
-30.09
-29.79
-29.48
-29.16
-28.83
-28.48
-28.14
-27.78
-27.42
-27.05
-26.69
-26.32
-25.95
-25.59
-25.21
-24.84
-24.46
-24.08
-23.69
-23.31
-22.94
-22.57
-22.22
-21.88
-21.55
-21.25
-20.97
-20.71
-20.46
-20.23
-20.01
-19.80
-19.59
-19.37
-19.16
-18.94
-18.72
-18.49
-18.26
-18.03
-17.79
-17.54
-17.29
-17.05
-16.79
-16.53
-16.27
-16.01
-15.76
-15.49
-15.23
-14.97
-14.71
-14.45
-14.21
-13.97
-13.74
-13.52
-13.31
-13.11
-12.90
-12.68
-12.47
-12.27
-12.06
-11.87
-11.68
-11.49
-11.31
-11.14
-10.98
-10.81
-10.63
-10.46
-10.28
-10.11
-9.95
-9.79
-9.63
-9.48
-9.33
-9.20
-9.06
-8.93
-8.81
-8.69
-8.57
-8.43
-8.30
-8.16
-8.03
-7.89
-7.77
-7.64
-7.52
-7.41
-7.30
-7.19
-7.09
-6.99
-6.89
-6.80
-6.72
-6.63
-6.55
-6.48
-6.40
-6.33
-6.26
-6.20
-6.12
-6.03
-5.94
-5.85
-5.76
-5.66
-5.57
-5.48
-5.40
-5.31
-5.23
-5.15
-5.08
-5.01
-4.94
-4.87
-4.81
-4.75
-4.69
-4.64
-4.58
-4.53
-4.47
-4.39
-4.32
-4.23
-4.15
-4.07
-3.99
-3.91
-3.84
-3.77
-3.70
-3.63
Sampling Rate: 374.00 Hz
-3.56
-3.50
-3.44
-3.39
-3.33
-3.28
-3.23
-3.19
-3.14
-3.10
-3.06
-3.02
-2.98
-2.94
-2.91
-2.88
-2.84
-2.81
-2.78
-2.76
-2.73
-2.70
-2.68
-2.65
-2.63
-2.60
-2.58
-2.56
-2.54
-2.52
-2.50
-2.48
-2.46
-2.44
-2.42
-2.41
-2.39
-2.37
-2.35
-2.32
-2.28
-2.24
-2.18
-2.13
-2.08
-2.02
-1.97
-1.92
-1.87
-1.82
-1.77
-1.73
-1.69
-1.65
-1.61
-1.57
-1.54
-1.50
-1.47
-1.44
-1.41
-1.39
-1.36
-1.34
-1.31
-1.29
-1.27
-1.25
-1.23
-1.21
-1.20
-1.18
-1.16
-1.15
-1.13
-1.12
-1.11
-1.09
-1.08
-1.07
-1.06
-1.05
-1.05
-1.07
-1.09
-1.13
-1.19
-1.26
-1.36
-1.47
-1.60
-1.74
-1.89
-2.03
-2.15
-2.26
-2.36
-2.45
-2.51
-2.56
-2.59
-2.61
-2.62
-2.62
-2.59
-2.56
-2.52
-2.48
-2.43
-2.37
-2.30
-2.22
-2.14
-2.05
-1.97
-1.89
-1.81
-1.73
-1.65
-1.55
-1.45
-1.35
-1.25
-1.16
-1.06
-0.97
-0.89
-0.80
-0.73
-0.65
-0.58
-0.52
-0.45
-0.40
-0.33
-0.25
-0.17
-0.09
-0.01
0.07
0.15
0.22
0.29
0.36
0.42
0.48
0.55
0.63
0.71
0.80
0.88
0.96
1.04
1.11
1.18
1.25
1.31
1.37
1.42
1.47
1.52
1.57
1.61
1.65
1.68
1.71
1.74
1.77
1.80
1.82
1.84
1.86
1.88
1.89
1.91
1.92
1.93
1.94
1.95
1.96
1.96
1.97
1.97
1.98
1.98
1.98
1.98
1.98
1.98
1.98
2.00
2.02
2.05
2.08
2.12
2.16
2.19
2.23
2.26
2.29
2.32
2.35
2.38
2.40
2.42
2.44
2.46
2.47
2.49
2.50
2.51
2.51
2.51
2.48
2.44
2.40
2.37
2.33
2.29
2.25
2.21
2.18
2.14
2.11
2.08
2.05
2.02
1.99
1.96
1.93
1.91
1.88
1.86
1.84
1.82
1.80
1.78
1.76
1.74
1.72
1.71
1.70
1.71
1.73
1.75
1.78
1.80
1.83
1.85
1.88
1.90
1.93
1.95
1.97
1.99
2.00
2.02
2.03
2.04
2.06
2.07
2.07
2.08
2.09
2.09
2.10
2.10
2.10
2.11
2.11
2.11
2.11
2.11
2.12
2.14
2.17
2.21
2.24
2.28
2.31
2.35
2.38
2.41
2.44
2.47
2.49
2.52
2.54
2.56
2.58
2.59
2.60
2.62
2.64
2.68
2.72
2.76
2.80
2.85
2.89
2.93
2.97
3.02
3.07
3.12
3.18
3.24
3.31
3.37
3.43
3.48
3.53
3.58
3.63
3.67
3.71
3.75
3.78
3.83
3.88
3.94
4.00
4.06
4.11
4.17
4.22
4.27
4.31
4.35
4.39
4.43
4.46
4.49
4.51
4.54
4.56
4.57
4.59
4.60
4.61
4.62
4.63
4.63
4.63
4.64
4.64
4.63
4.63
4.63
4.62
4.62
4.61
4.60
4.59
4.58
4.59
4.60
4.62
4.64
4.67
4.70
4.72
4.73
4.73
4.72
4.70
4.68
4.66
4.63
4.60
4.57
4.54
4.51
4.51
4.53
4.57
4.61
4.66
4.71
4.77
Sampling Rate: 380.00 Hz
4.80
4.84
4.88
4.92
4.96
4.98
4.99
4.99
4.98
4.97
4.95
4.93
4.91
4.89
4.87
4.84
4.82
4.79
4.77
4.74
4.73
4.73
4.74
4.75
4.77
4.78
4.80
4.81
4.83
4.84
4.85
4.86
4.87
4.88
4.90
4.92
4.96
4.99
5.03
5.07
5.11
5.14
5.17
5.20
5.23
5.25
5.27
5.29
5.31
5.32
5.33
5.36
5.39
5.43
5.47
5.51
5.55
5.59
5.62
5.65
5.68
5.71
5.74
5.76
5.78
5.79
5.81
5.83
5.87
5.91
5.95
5.99
6.03
6.07
6.10
6.15
6.24
6.35
6.48
6.61
6.74
6.88
7.03
7.18
7.33
7.48
7.63
7.77
7.90
8.02
8.14
8.24
8.34
8.43
8.53
8.63
8.73
8.83
8.92
9.01
9.10
9.17
9.24
9.31
9.37
9.42
9.48
9.55
9.62
9.68
9.75
9.81
9.87
9.92
9.98
10.05
10.12
10.19
10.26
10.32
10.38
10.43
10.48
10.53
10.58
10.64
10.70
10.76
10.82
10.88
10.93
10.97
11.02
11.05
11.09
11.11
11.14
11.15
11.17
11.19
11.24
11.31
11.44
11.62
11.86
12.15
12.47
12.84
13.23
13.62
14.02
14.40
14.78
15.16
15.52
15.87
16.20
16.50
16.75
16.96
17.13
17.26
17.37
17.46
17.55
17.64
17.75
17.86
18.00
18.13
17.78
17.10
16.65
16.30
15.99
15.66
15.23
14.65
13.86
12.79
11.39
9.67
7.66
5.42
3.04
0.60
-1.86
-4.31
-6.75
-9.19
-11.64
-14.09
-16.53
-18.97
-21.43
-23.93
-26.49
-29.17
-32.02
-35.14
-38.63
-42.64
-47.31
-52.79
-59.19
-66.60
-75.09
-84.63
-94.86
-105.38
-115.93
-126.32
-136.42
-146.13
-155.40
-164.19
-172.49
-180.30
-187.62
-194.46
-200.84
-206.77
-212.27
-217.37
-222.09
-226.44
-230.44
-234.12
-237.49
-240.58
-243.39
-245.94
-248.26
-250.35
-252.23
-253.91
-255.40
-256.72
-257.88
-258.88
-259.74
-260.46
-261.06
-261.54
-261.91
-262.18
-262.35
-262.43
-262.42
-262.34
-262.18
-261.95
-261.66
-261.31
-260.90
-260.44
-259.93
-259.37
-258.77
-258.14
-257.46
-256.76
-256.02
-255.25
-254.45
-253.63
-252.79
-251.92
-251.04
-250.13
-249.21
-248.28
-247.33
-246.37
-245.39
-244.41
-243.41
-242.41
-241.40
-240.38
-239.35
-238.32
-237.29
-236.25
-235.20
-234.16
-233.11
-232.06
-231.00
-229.95
-228.89
-227.84
-226.78
-225.73
-224.67
-223.62
-222.56
-221.51
-220.46
-219.05
-217.76
-216.55
-215.41
-214.31
-213.25
-212.22
-211.20
-210.20
-209.20
-208.11
-206.87
-205.47
-203.89
-202.15
-200.21
-198.09
-195.76
-193.23
-190.44
-187.31
-183.78
-179.74
-175.09
-169.63
-163.09
-155.02
-144.70
-129.40
-107.06
-79.22
-47.63
-13.84
20.61
54.63
87.44
118.44
147.31
174.06
198.86
221.89
243.45
264.00
284.02
303.72
323.20
342.66
361.90
379.10
392.43
401.57
406.81
408.63
407.60
404.41
399.69
394.07
388.15
382.55
377.96
375.09
374.93
377.94
383.98
392.58
403.03
414.54
426.34
437.77
448.30
457.58
465.48
472.03
477.39
Sampling Rate: 373.00 Hz
481.83
485.59
488.92
491.95
494.80
497.51
500.09
502.53
504.82
506.91
508.78
510.39
511.76
512.89
513.78
514.45
514.91
515.18
515.28
515.24
515.08
514.84
514.50
514.08
513.60
513.04
512.40
511.67
510.84
509.89
508.84
507.69
506.44
505.09
503.66
502.15
500.58
498.95
497.27
495.56
493.80
492.00
490.17
488.30
486.40
484.47
482.52
480.55
478.56
476.56
474.53
472.51
470.48
468.43
466.35
464.26
462.16
460.03
457.89
455.73
453.55
451.36
449.15
446.92
444.70
442.47
440.24
438.03
435.80
433.57
431.35
429.11
426.88
424.64
422.42
420.20
418.00
415.80
413.59
411.40
409.22
407.03
404.85
402.67
400.50
398.32
396.15
393.98
391.81
389.65
387.51
385.37
383.24
381.12
379.01
376.89
374.80
372.72
370.64
368.58
366.53
364.50
362.49
360.50
358.51
356.53
354.56
352.60
350.66
348.72
346.79
344.86
342.94
341.02
339.11
337.22
335.35
333.49
331.64
329.81
327.98
326.17
324.37
322.57
320.79
319.01
317.26
315.50
313.77
312.03
310.31
308.60
306.90
305.19
303.50
301.81
300.13
298.46
296.79
295.14
293.51
291.88
290.26
288.65
287.05
285.46
283.87
282.30
280.74
279.17
277.62
276.08
274.54
273.01
271.49
269.97
268.47
266.95
265.44
263.96
262.49
261.04
259.59
258.14
256.71
255.27
253.84
252.42
251.01
249.61
248.22
246.83
245.46
244.10
242.74
241.39
240.04
238.69
237.36
236.01
234.67
233.35
232.03
230.72
229.40
228.10
226.81
225.52
224.25
222.99
221.76
220.52
219.29
218.06
216.84
215.63
214.43
213.22
212.00
210.80
209.60
208.40
207.21
206.00
204.78
203.58
202.37
201.18
199.98
198.78
197.58
196.37
195.17
193.98
192.79
191.61
190.42
189.25
188.08
186.91
185.75
184.59
183.44
182.29
181.15
180.01
178.88
177.75
176.62
175.49
174.35
173.22
172.09
170.96
169.82
168.68
167.55
166.41
165.27
164.15
163.02
161.89
160.78
159.67
158.59
157.50
156.42
155.35
154.31
153.27
152.23
151.19
150.17
149.16
148.17
147.17
146.18
145.20
144.24
143.28
142.32
141.39
140.46
139.53
138.60
137.67
136.76
135.86
134.96
134.07
133.18
132.29
131.41
130.54
129.66
128.79
127.92
127.06
126.19
125.34
124.50
123.66
122.82
122.00
121.19
120.39
119.59
118.79
118.00
117.20
116.40
115.61
114.82
114.03
113.23
112.45
111.65
110.86
110.05
109.26
108.46
107.67
106.89
106.10
105.32
104.52
103.74
102.96
102.19
101.42
100.66
99.91
99.14
98.36
97.59
96.83
96.08
95.32
94.57
93.82
93.06
92.31
91.55
90.79
90.03
89.26
88.49
87.72
86.93
86.15
85.37
84.61
83.84
83.08
82.30
81.51
80.72
79.93
79.14
78.34
77.55
76.74
75.93
75.12
74.30
73.46
72.63
71.79
70.94
70.08
69.21
68.33
67.45
66.54
65.65
64.74
63.83
62.91
61.98
61.03
60.07
59.06
57.93
56.70
55.36
53.96
52.53
51.10
Sampling Rate: 368.00 Hz
49.68
48.29
46.96
45.67
44.42
43.22
42.06
40.94
39.86
38.82
37.81
36.82
35.86
34.92
34.01
33.11
32.23
31.36
30.50
29.65
28.83
28.02
27.22
26.44
25.67
24.92
24.18
23.44
22.73
22.03
21.34
20.65
19.98
19.30
18.64
17.98
17.33
16.68
16.05
15.43
14.83
14.24
13.66
13.11
12.56
12.02
11.50
11.00
10.50
10.02
9.55
9.10
8.65
8.23
7.82
7.42
7.03
6.66
6.31
5.97
5.64
5.31
5.00
4.69
4.40
4.12
3.85
3.59
3.32
3.06
2.82
2.58
2.35
2.12
1.87
1.60
1.33
1.04
0.77
0.49
0.23
-0.02
-0.26
-0.49
-0.71
-0.91
-1.10
-1.30
-1.49
-1.68
-1.87
-2.04
-2.21
-2.37
-2.54
-2.71
-2.87
-3.03
-3.19
-3.35
-3.50
-3.64
-3.77
-3.89
-4.01
-4.12
-4.22
-4.31
-4.39
-4.47
-4.53
-4.59
-4.65
-4.69
-4.74
-4.76
-4.79
-4.81
-4.80
-4.79
-4.76
-4.72
-4.69
-4.65
-4.61
-4.55
-4.51
-4.47
-4.44
-4.43
-4.42
-4.43
-4.46
-4.50
-4.55
-4.60
-4.66
-4.72
-4.79
-4.87
-4.95
-5.04
-5.13
-5.24
-5.35
-5.46
-5.58
-5.70
-5.82
-5.94
-6.06
-6.18
-6.31
-6.45
-6.58
-6.72
-6.85
-6.97
-7.08
-7.22
-7.48
-7.91
-8.48
-9.13
-9.81
-10.51
-11.22
-11.94
-12.64
-13.32
-13.97
-14.58
-15.16
-15.72
-16.26
-16.77
-17.25
-17.70
-18.14
-18.57
-18.99
-19.37
-19.67
-19.91
-20.10
-20.34
-20.64
-20.99
-21.38
-21.78
-22.19
-22.61
-23.04
-23.47
-23.91
-24.33
-24.72
-25.10
-25.44
-25.76
-26.05
-26.29
-26.51
-26.70
-26.86
-27.02
-27.16
-27.27
-27.38
-27.47
-27.55
-27.63
-27.70
-27.76
-27.82
-27.86
-27.89
-27.93
-27.97
-28.00
-27.99
-27.95
-27.86
-27.73
-27.55
-27.31
-27.01
-26.65
-26.22
-25.74
-25.19
-24.60
-23.97
-23.30
-22.62
-21.96
-21.33
-20.74
-20.22
-19.77
-19.38
-19.05
-18.80
-18.61
-18.47
-18.39
-18.37
-18.40
-18.47
-18.58
-18.72
-18.89
-19.07
-19.29
-19.51
-19.73
-19.95
-20.16
-20.35
-20.53
-20.70
-20.87
-21.02
-21.19
-21.35
-21.50
-21.65
-21.81
-21.95
-22.09
-22.22
-22.35
-22.47
-22.58
-22.70
-22.82
-22.93
-23.03
-23.13
-23.22
-23.30
-23.38
-23.46
-23.53
-23.60
-23.66
-23.73
-23.78
-23.83
-23.86
-23.91
-23.96
-24.01
-24.05
-24.09
-24.12
-24.15
-24.18
-24.22
-24.26
-24.31
-24.35
-24.39
-24.43
-24.47
-24.51
-24.55
-24.58
-24.61
-24.64
-24.68
-24.72
-24.76
-24.79
-24.82
-24.84
-24.87
-24.90
-24.93
-24.96
-24.99
-25.01
-25.04
-25.06
-25.09
-25.11
-25.14
-25.16
-25.18
-25.19
-25.19
-25.21
-25.23
-25.25
-25.26
-25.28
-25.29
-25.31
-25.33
-25.36
-25.38
-25.40
-25.41
-25.42
-25.43
-25.43
-25.42
-25.42
-25.41
-25.40
-25.40
-25.40
-25.39
-25.38
-25.37
-25.35
-25.32
-25.27
-25.20
-25.13
-25.05
-24.96
-24.87
-24.80
-24.72
-24.66
-24.59
-24.53
-24.48
-24.45
-24.41
-24.38
-24.37
-24.36
-24.36
Sampling Rate: 375.00 Hz
-24.37
-24.40
-24.43
-24.46
-24.50
-24.55
-24.60
-24.67
-24.74
-24.83
-24.91
-25.00
-25.09
-25.18
-25.27
-25.36
-25.45
-25.55
-25.65
-25.76
-25.86
-25.96
-26.07
-26.18
-26.29
-26.41
-26.53
-26.65
-26.78
-26.91
-27.05
-27.20
-27.36
-27.53
-27.69
-27.85
-28.02
-28.17
-28.32
-28.46
-28.60
-28.73
-28.86
-28.99
-29.11
-29.24
-29.37
-29.50
-29.63
-29.77
-29.90
-30.04
-30.18
-30.33
-30.49
-30.66
-30.81
-30.95
-31.10
-31.24
-31.37
-31.51
-31.65
-31.78
-31.92
-32.06
-32.20
-32.36
-32.50
-32.64
-32.78
-32.91
-33.04
-33.18
-33.33
-33.46
-33.61
-33.76
-33.90
-34.03
-34.15
-34.26
-34.36
-34.46
-34.56
-34.65
-34.73
-34.80
-34.86
-34.91
-34.96
-35.02
-35.08
-35.15
-35.21
-35.28
-35.33
-35.39
-35.44
-35.49
-35.55
-35.62
-35.69
-35.75
-35.82
-35.88
-35.93
-35.96
-35.98
-35.99
-35.99
-35.98
-35.98
-35.99
-36.00
-36.03
-36.05
-36.06
-36.07
-36.08
-36.07
-36.06
-36.04
-36.02
-35.98
-35.94
-35.90
-35.87
-35.83
-35.81
-35.82
-35.83
-35.85
-35.87
-35.89
-35.91
-35.93
-35.96
-35.98
-36.02
-36.06
-36.10
-36.14
-36.18
-36.23
-36.28
-36.33
-36.38
-36.43
-36.48
-36.53
-36.57
-36.62
-36.65
-36.68
-36.73
-36.78
-36.84
-36.89
-36.95
-37.01
-37.07
-37.12
-37.17
-37.21
-37.24
-37.26
-37.28
-37.30
-37.32
-37.35
-37.39
-37.42
-37.45
-37.49
-37.53
-37.58
-37.64
-37.70
-37.76
-37.81
-37.87
-37.92
-37.98
-38.04
-38.09
-38.15
-38.20
-38.23
-38.24
-38.26
-38.25
-38.25
-38.24
-38.22
-38.20
-38.18
-38.14
-38.10
-38.05
-37.99
-37.93
-37.86
-37.78
-37.70
-37.61
-37.52
-37.42
-37.32
-37.21
-37.10
-36.98
-36.86
-36.74
-36.61
-36.48
-36.35
-36.21
-36.08
-35.96
-35.84
-35.73
-35.62
-35.50
-35.37
-35.25
-35.13
-34.99
-34.85
-34.72
-34.59
-34.46
-34.34
-34.22
-34.10
-33.99
-33.89
-33.79
-33.70
-33.61
-33.52
-33.43
-33.34
-33.24
-33.15
-33.05
-32.94
-32.84
-32.73
-32.63
-32.54
-32.46
-32.38
-32.30
-32.21
-32.13
-32.04
-31.97
-31.89
-31.80
-31.73
-31.65
-31.58
-31.53
-31.49
-31.45
-31.41
-31.37
-31.33
-31.31
-31.28
-31.27
-31.25
-31.22
-31.20
-31.17
-31.15
-31.14
-31.12
-31.12
-31.13
-31.14
-31.17
-31.20
-31.24
-31.27
-31.30
-31.32
-31.35
-31.39
-31.42
-31.46
-31.48
-31.50
-31.51
-31.53
-31.55
-31.57
-31.59
-31.60
-31.62
-31.65
-31.67
-31.69
-31.71
-31.72
-31.72
-31.72
-31.71
-31.69
-31.66
-31.63
-31.59
-31.56
-31.53
-31.52
-31.51
-31.52
-31.52
-31.52
-31.53
-31.53
-31.52
-31.52
-31.52
-31.52
-31.53
-31.56
-31.61
-31.67
-31.75
-31.83
-31.90
-31.98
-32.06
-32.13
-32.20
-32.27
-32.35
-32.43
-32.53
-32.63
-32.73
-32.83
-32.92
-33.01
-33.11
-33.20
-33.29
-33.36
-33.44
-33.53
-33.60
-33.67
-33.75
-33.83
-33.90
-33.97
-34.05
-34.13
-34.20
-34.27
-34.34
-34.42
-34.49
-34.58
-34.66
-34.76
-34.86
-34.98
-35.10
-35.22
Sampling Rate: 372.00 Hz
-35.33
-35.44
-35.54
-35.64
-35.74
-35.83
-35.91
-35.99
-36.07
-36.14
-36.22
-36.28
-36.35
-36.43
-36.49
-36.56
-36.61
-36.67
-36.73
-36.78
-36.83
-36.87
-36.91
-36.93
-36.94
-36.96
-36.98
-36.99
-37.02
-37.05
-37.08
-37.10
-37.12
-37.13
-37.15
-37.17
-37.19
-37.22
-37.25
-37.29
-37.32
-37.34
-37.37
-37.40
-37.43
-37.46
-37.50
-37.53
-37.57
-37.62
-37.67
-37.71
-37.76
-37.80
-37.83
-37.86
-37.90
-37.93
-37.96
-37.98
-37.99
-38.00
-38.01
-38.02
-38.01
-38.00
-37.99
-37.98
-37.98
-37.96
-37.95
-37.94
-37.92
-37.91
-37.90
-37.89
-37.89
-37.88
-37.87
-37.85
-37.83
-37.79
-37.75
-37.72
-37.69
-37.66
-37.63
-37.60
-37.57
-37.55
-37.53
-37.51
-37.50
-37.49
-37.49
-37.48
-37.47
-37.45
-37.43
-37.41
-37.38
-37.36
-37.34
-37.31
-37.28
-37.27
-37.25
-37.24
-37.22
-37.22
-37.22
-37.22
-37.23
-37.25
-37.27
-37.29
-37.32
-37.35
-37.37
-37.38
-37.40
-37.41
-37.43
-37.45
-37.47
-37.49
-37.50
-37.50
-37.51
-37.51
-37.51
-37.51
-37.51
-37.50
-37.48
-37.46
-37.43
-37.41
-37.39
-37.37
-37.35
-37.33
-37.29
-37.27
-37.24
-37.19
-37.14
-37.07
-37.02
-36.97
-36.92
-36.86
-36.82
-36.79
-36.76
-36.72
-36.69
-36.65
-36.62
-36.59
-36.57
-36.56
-36.55
-36.57
-36.59
-36.62
-36.64
-36.68
-36.72
-36.77
-36.83
-36.91
-36.99
-37.08
-37.16
-37.25
-37.34
-37.43
-37.51
-37.60
-37.69
-37.77
-37.87
-37.96
-38.05
-38.13
-38.20
-38.27
-38.32
-38.36
-38.38
-38.40
-38.41
-38.40
-38.38
-38.36
-38.32
-38.28
-38.22
-38.16
-38.09
-38.02
-37.94
-37.85
-37.76
-37.66
-37.55
-37.46
-37.37
-37.29
-37.20
-37.12
-37.03
-36.94
-36.86
-36.79
-36.72
-36.67
-36.63
-36.59
-36.56
-36.55
-36.54
-36.54
-36.55
-36.57
-36.60
-36.63
-36.68
-36.74
-36.80
-36.87
-36.95
-37.03
-37.10
-37.18
-37.26
-37.34
-37.41
-37.47
-37.53
-37.58
-37.64
-37.69
-37.74
-37.78
-37.81
-37.83
-37.83
-37.83
-37.82
-37.80
-37.77
-37.73
-37.68
-37.63
-37.56
-37.49
-37.42
-37.35
-37.29
-37.22
-37.16
-37.09
-37.03
-36.95
-36.89
-36.84
-36.78
-36.73
-36.68
-36.65
-36.62
-36.59
-36.57
-36.55
-36.56
-36.57
-36.58
-36.60
-36.61
-36.63
-36.66
-36.70
-36.74
-36.79
-36.84
-36.89
-36.95
-37.00
-37.06
-37.11
-37.17
-37.23
-37.29
-37.33
-37.37
-37.39
-37.41
-37.43
-37.45
-37.47
-37.48
-37.49
-37.49
-37.48
-37.46
-37.44
-37.40
-37.36
-37.32
-37.29
-37.26
-37.22
-37.20
-37.18
-37.16
-37.14
-37.12
-37.09
-37.07
-37.06
-37.05
-37.04
-37.05
-37.05
-37.07
-37.10
-37.12
-37.15
-37.17
-37.19
-37.22
-37.25
-37.27
-37.29
-37.30
-37.30
-37.30
-37.28
-37.26
-37.24
-37.23
-37.21
-37.19
-37.16
-37.13
-37.10
-37.05
-37.00
-36.95
-36.88
-36.81
-36.74
-36.65
-36.58
-36.51
-36.45
-36.38
-36.32
-36.26
-36.21
-36.15
-36.10
-36.04
-35.99
-35.93
-35.88
-35.84
-35.80
-35.78
-35.75
Sampling Rate: 372.00 Hz
-35.73
-35.71
-35.69
-35.68
-35.68
-35.68
-35.68
-35.68
-35.67
-35.67
-35.67
-35.67
-35.69
-35.69
-35.69
-35.69
-35.69
-35.69
-35.71
-35.72
-35.74
-35.76
-35.77
-35.77
-35.77
-35.77
-35.78
-35.78
-35.78
-35.78
-35.77
-35.75
-35.74
-35.74
-35.73
-35.72
-35.70
-35.68
-35.67
-35.65
-35.63
-35.61
-35.59
-35.57
-35.54
-35.51
-35.49
-35.46
-35.44
-35.42
-35.40
-35.37
-35.33
-35.30
-35.28
-35.26
-35.23
-35.22
-35.21
-35.22
-35.24
-35.26
-35.28
-35.31
-35.35
-35.40
-35.46
-35.54
-35.62
-35.70
-35.80
-35.92
-36.04
-36.16
-36.30
-36.44
-36.58
-36.72
-36.86
-37.02
-37.18
-37.33
-37.47
-37.60
-37.74
-37.87
-37.98
-38.08
-38.18
-38.26
-38.34
-38.40
-38.45
-38.48
-38.51
-38.52
-38.52
-38.51
-38.49
-38.46
-38.42
-38.37
-38.31
-38.25
-38.18
-38.10
-38.01
-37.92
-37.82
-37.72
-37.61
-37.52
-37.43
-37.33
-37.23
-37.14
-37.06
-36.99
-36.93
-36.87
-36.82
-36.78
-36.76
-36.75
-36.76
-36.78
-36.82
-36.87
-36.93
-36.99
-37.07
-37.14
-37.21
-37.29
-37.37
-37.45
-37.52
-37.58
-37.64
-37.68
-37.71
-37.74
-37.78
-37.80
-37.81
-37.82
-37.82
-37.82
-37.81
-37.79
-37.77
-37.73
-37.69
-37.64
-37.58
-37.52
-37.44
-37.36
-37.28
-37.19
-37.10
-36.99
-36.91
-36.82
-36.74
-36.66
-36.59
-36.54
-36.48
-36.43
-36.39
-36.36
-36.33
-36.31
-36.31
-36.30
-36.30
-36.31
-36.32
-36.34
-36.36
-36.38
-36.40
-36.43
-36.47
-36.51
-36.55
-36.59
-36.62
-36.65
-36.66
-36.69
-36.70
-36.71
-36.70
-36.70
-36.70
-36.69
-36.67
-36.65
-36.62
-36.58
-36.54
-36.51
-36.47
-36.44
-36.41
-36.37
-36.33
-36.28
-36.23
-36.19
-36.15
-36.11
-36.08
-36.07
-36.05
-36.04
-36.03
-36.03
-36.04
-36.04
-36.04
-36.05
-36.06
-36.07
-36.09
-36.12
-36.15
-36.17
-36.20
-36.21
-36.22
-36.23
-36.24
-36.26
-36.27
-36.27
-36.28
-36.30
-36.31
-36.32
-36.32
-36.32
-36.31
-36.29
-36.28
-36.27
-36.27
-36.24
-36.21
-36.18
-36.15
-36.11
-36.07
-36.02
-35.96
-35.91
-35.87
-35.83
-35.79
-35.74
-35.71
-35.68
-35.65
-35.62
-35.61
-35.60
-35.59
-35.58
-35.57
-35.55
-35.54
-35.53
-35.53
-35.54
-35.55
-35.57
-35.58
-35.59
-35.59
-35.59
-35.59
-35.60
-35.60
-35.60
-35.60
-35.59
-35.57
-35.55
-35.53
-35.52
-35.51
-35.49
-35.47
-35.44
-35.41
-35.37
-35.33
-35.29
-35.26
-35.23
-35.19
-35.16
-35.12
-35.08
-35.06
-35.03
-35.01
-34.98
-34.94
-34.90
-34.87
-34.85
-34.82
-34.80
-34.78
-34.78
-34.77
-34.76
-34.75
-34.73
-34.71
-34.68
-34.66
-34.64
-34.63
-34.61
-34.59
-34.58
-34.57
-34.56
-34.55
-34.54
-34.54
-34.52
-34.52
-34.51
-34.50
-34.49
-34.47
-34.45
-34.43
-34.42
-34.41
-34.40
-34.40
-34.40
-34.41
-34.41
-34.41
-34.40
-34.40
-34.41
-34.42
-34.42
-34.42
-34.42
-34.43
-34.44
-34.45
-34.45
-34.45
-34.46
-34.47
-34.47
-34.48
-34.48
-34.47
-34.47
-34.48
-34.48
Sampling Rate: 372.00 Hz
-34.49
-34.50
-34.50
-34.51
-34.51
-34.52
-34.52
-34.51
-34.52
-34.52
-34.53
-34.54
-34.53
-34.54
-34.55
-34.57
-34.57
-34.58
-34.58
-34.57
-34.55
-34.54
-34.54
-34.53
-34.52
-34.51
-34.49
-34.48
-34.47
-34.46
-34.45
-34.44
-34.42
-34.40
-34.38
-34.37
-34.36
-34.35
-34.33
-34.32
-34.30
-34.29
-34.28
-34.26
-34.25
-34.23
-34.21
-34.21
-34.20
-34.19
-34.18
-34.18
-34.18
-34.18
-34.18
-34.17
-34.16
-34.16
-34.17
-34.17
-34.17
-34.16
-34.15
-34.14
-34.13
-34.12
-34.12
-34.11
-34.10
-34.10
-34.10
-34.10
-34.10
-34.11
-34.13
-34.14
-34.16
-34.17
-34.17
-34.18
-34.19
-34.21
-34.22
-34.22
-34.24
-34.26
-34.26
-34.25
-34.21
-34.13
-34.03
-33.90
-33.75
-33.60
-33.46
-33.32
-33.21
-33.12
-33.05
-33.00
-32.95
-32.90
-32.86
-32.81
-32.76
-32.70
-32.65
-32.58
-32.52
-32.44
-32.35
-32.25
-32.12
-31.97
-31.80
-31.62
-31.41
-31.20
-30.98
-30.76
-30.54
-30.32
-30.10
-29.89
-29.71
-29.53
-29.36
-29.19
-29.03
-28.88
-28.74
-28.63
-28.56
-28.52
-28.53
-28.57
-28.64
-28.74
-28.86
-28.98
-29.12
-29.27
-29.42
-29.58
-29.74
-29.90
-30.05
-30.21
-30.36
-30.51
-30.66
-30.79
-30.90
-31.01
-31.10
-31.18
-31.26
-31.34
-31.42
-31.48
-31.54
-31.59
-31.63
-31.66
-31.68
-31.69
-31.69
-31.68
-31.67
-31.64
-31.62
-31.61
-31.59
-31.58
-31.56
-31.53
-31.50
-31.47
-31.43
-31.38
-31.33
-31.27
-31.21
-31.15
-31.09
-31.02
-30.94
-30.86
-30.77
-30.68
-30.58
-30.48
-30.38
-30.28
-30.17
-30.06
-29.95
-29.83
-29.72
-29.60
-29.48
-29.36
-29.25
-29.16
-29.07
-28.98
-28.89
-28.81
-28.72
-28.64
-28.55
-28.47
-28.41
-28.35
-28.29
-28.24
-28.21
-28.18
-28.15
-28.14
-28.12
-28.11
-28.10
-28.10
-28.10
-28.12
-28.14
-28.15
-28.17
-28.19
-28.22
-28.26
-28.28
-28.32
-28.37
-28.42
-28.47
-28.54
-28.62
-28.70
-28.79
-28.88
-28.98
-29.07
-29.17
-29.28
-29.39
-29.50
-29.62
-29.74
-29.86
-29.97
-30.07
-30.17
-30.27
-30.35
-30.43
-30.50
-30.55
-30.58
-30.60
-30.61
-30.61
-30.58
-30.53
-30.47
-30.38
-30.27
-30.15
-30.02
-29.88
-29.73
-29.58
-29.43
-29.30
-29.17
-29.05
-28.93
-28.82
-28.71
-28.61
-28.53
-28.45
-28.39
-28.34
-28.30
-28.27
-28.25
-28.24
-28.23
-28.22
-28.23
-28.25
-28.27
-28.30
-28.33
-28.36
-28.39
-28.43
-28.47
-28.54
-28.65
-28.81
-29.04
-29.35
-29.74
-30.22
-30.80
-31.46
-32.21
-33.03
-33.90
-34.81
-35.75
-36.69
-37.64
-38.56
-39.48